(job No.) (worker No.)
0 642
1 681
2 7437
3 86
4 5769
5 6252
6 669
7 8183
8 5099
9 8505
10 482
11 6153
12 8730
13 2490
14 8440
15 235
16 8636
17 676
18 283
19 3784
20 27
21 1376
22 8450
23 9061
24 3129
25 9093
26 6359
27 8811
28 5144
29 9855
30 6229
31 3805
32 6002
33 8427
34 2175
35 9592
36 5627
37 6934
38 126
39 8942
40 4004
41 9658
42 475
43 4145
44 8718
45 7968
46 7303
47 4721
48 4197
49 9422
50 518
51 4006
52 4614
53 8080
54 8031
55 8595
56 7814
57 387
58 5742
59 8957
60 2233
61 8241
62 9753
63 1177
64 1193
65 2008
66 905
67 5523
68 7709
69 1463
70 5211
71 3577
72 3398
73 2517
74 8644
75 7276
76 9425
77 1964
78 7109
79 5551
80 6550
81 3570
82 1552
83 5458
84 1273
85 8742
86 6727
87 2398
88 2756
89 1856
90 7558
91 298
92 9063
93 754
94 267
95 9990
96 8715
97 1622
98 7763
99 3176
100 4311
101 4618
102 3926
103 4631
104 930
105 3261
106 1657
107 3386
108 7013
109 9200
110 6213
111 4260
112 8909
113 2354
114 3251
115 6554
116 3002
117 6384
118 5492
119 9466
120 5724
121 3788
122 3463
123 1217
124 274
125 895
126 2674
127 6050
128 7791
129 721
130 4617
131 1781
132 3022
133 1274
134 5597
135 7861
136 5789
137 9821
138 8194
139 2880
140 3651
141 6916
142 2787
143 9989
144 5507
145 2961
146 5336
147 3109
148 8092
149 8504
150 3192
151 1613
152 2893
153 6873
154 9942
155 3339
156 5594
157 6473
158 636
159 4422
160 3747
161 1868
162 4443
163 4963
164 9396
165 7505
166 5660
167 5896
168 9075
169 7080
170 65
171 317
172 741
173 9562
174 4850
175 123
176 6366
177 1345
178 313
179 3598
180 392
181 1109
182 4700
183 9630
184 2189
185 2140
186 3683
187 3540
188 8026
189 2016
190 5419
191 1044
192 1254
193 3293
194 8355
195 5363
196 167
197 7675
198 5124
199 8464
200 6816
201 6743
202 9104
203 3007
204 9489
205 9928
206 8756
207 8920
208 6364
209 5632
210 1901
211 2466
212 4662
213 8571
214 5672
215 3618
216 8621
217 4312
218 162
219 3682
220 4793
221 6977
222 6264
223 3039
224 6320
225 6215
226 2834
227 2506
228 8853
229 4302
230 9690
231 9109
232 9155
233 7177
234 7583
235 9174
236 6459
237 3356
238 5575
239 9067
240 9520
241 1927
242 8140
243 2771
244 6681
245 2595
246 9088
247 4079
248 437
249 8970
250 7247
251 6164
252 2080
253 1710
254 7029
255 4751
256 5778
257 1160
258 1996
259 6498
260 8270
261 9604
262 1415
263 9879
264 1194
265 1585
266 1364
267 5152
268 4506
269 520
270 7017
271 5384
272 9324
273 3675
274 5018
275 6893
276 504
277 4782
278 7755
279 1920
280 5559
281 1706
282 6774
283 5930
284 2682
285 7970
286 1091
287 9337
288 2651
289 3717
290 1439
291 782
292 3008
293 9408
294 713
295 5817
296 8105
297 4866
298 9223
299 8350
300 7101
301 5261
302 697
303 8539
304 1969
305 8618
306 2781
307 5453
308 7930
309 4683
310 5741
311 4046
312 7833
313 2240
314 312
315 791
316 7481
317 9313
318 6438
319 3139
320 4128
321 9488
322 5654
323 2845
324 9140
325 8239
326 9068
327 3046
328 9974
329 3767
330 9066
331 6421
332 379
333 3207
334 3989
335 6807
336 2776
337 4112
338 3600
339 7523
340 5913
341 1485
342 7831
343 593
344 1988
345 4142
346 8448
347 6117
348 6779
349 5525
350 3561
351 4050
352 2564
353 9646
354 1816
355 9591
356 1140
357 4055
358 8753
359 2536
360 6049
361 4922
362 848
363 7546
364 2982
365 8846
366 5910
367 3373
368 2945
369 3565
370 3609
371 4082
372 462
373 5062
374 8003
375 9873
376 8028
377 7787
378 6389
379 2172
380 4841
381 7871
382 2783
383 9724
384 1979
385 1801
386 2643
387 3404
388 1893
389 912
390 5156
391 24
392 1771
393 7624
394 1367
395 9057
396 5445
397 7891
398 806
399 6197
400 4287
401 4477
402 1891
403 4219
404 147
405 6163
406 9222
407 4119
408 3477
409 4931
410 5239
411 5993
412 5292
413 7042
414 2017
415 2299
416 9141
417 3183
418 9108
419 5103
420 2558
421 6670
422 8308
423 478
424 3300
425 5272
426 9190
427 2522
428 8587
429 8551
430 1764
431 8276
432 9869
433 5899
434 1968
435 9266
436 9666
437 1096
438 1749
439 1035
440 224
441 4842
442 1821
443 1247
444 9236
445 1117
446 9857
447 4687
448 7464
449 3718
450 2927
451 2259
452 2097
453 2432
454 4507
455 5146
456 7544
457 7004
458 1972
459 9186
460 8089
461 9801
462 6191
463 2663
464 5905
465 6337
466 7669
467 8455
468 6587
469 4501
470 4405
471 7146
472 3965
473 7951
474 9089
475 1402
476 4660
477 1850
478 353
479 2151
480 153
481 4904
482 826
483 4372
484 2555
485 4955
486 4759
487 666
488 6180
489 5745
490 5266
491 7769
492 640
493 1340
494 5898
495 2377
496 3203
497 2370
498 8471
499 3760
500 6924
501 7412
502 5780
503 2330
504 226
505 7598
506 112
507 3307
508 7518
509 2446
510 8136
511 7343
512 789
513 2905
514 9418
515 573
516 6829
517 3100
518 1918
519 5400
520 428
521 503
522 5733
523 5868
524 7076
525 9713
526 5749
527 1424
528 5601
529 4338
530 7820
531 9792
532 899
533 5618
534 1655
535 4401
536 7375
537 6170
538 4462
539 6770
540 6355
541 5164
542 959
543 8535
544 4474
545 8532
546 569
547 6330
548 5680
549 1047
550 3284
551 8377
552 3799
553 1638
554 5747
555 7308
556 7718
557 3937
558 7223
559 4065
560 6395
561 8327
562 8561
563 6682
564 7460
565 3298
566 1335
567 8605
568 6118
569 521
570 5506
571 3719
572 7377
573 1851
574 6360
575 6979
576 8868
577 3631
578 4622
579 1417
580 8299
581 193
582 2835
583 8071
584 2741
585 178
586 6387
587 6619
588 8622
589 1486
590 9034
591 1773
592 1498
593 4951
594 7174
595 344
596 4368
597 4870
598 5687
599 6639
600 5946
601 824
602 9545
603 9808
604 3460
605 1320
606 6918
607 5558
608 3838
609 8310
610 854
611 9052
612 3185
613 1472
614 7293
615 4845
616 9389
617 2715
618 4250
619 7908
620 4767
621 1212
622 6502
623 9120
624 233
625 589
626 6454
627 9871
628 4530
629 9688
630 6284
631 2553
632 3677
633 9731
634 9824
635 135
636 7940
637 8745
638 708
639 8790
640 7926
641 4529
642 2205
643 450
644 649
645 3073
646 5871
647 3938
648 3155
649 9633
650 1754
651 3116
652 5170
653 9791
654 8599
655 2314
656 3342
657 792
658 9953
659 7054
660 5410
661 5770
662 6476
663 9975
664 8388
665 110
666 5944
667 3492
668 1987
669 8612
670 7848
671 6060
672 8964
673 1377
674 1455
675 7519
676 2634
677 6198
678 6145
679 7747
680 9889
681 2224
682 4392
683 2912
684 4835
685 7527
686 3444
687 2074
688 2130
689 9651
690 7780
691 2820
692 5529
693 2786
694 7837
695 9553
696 7705
697 5082
698 765
699 5750
700 6659
701 7156
702 3512
703 3452
704 1537
705 5249
706 7305
707 2005
708 970
709 7227
710 4092
711 16
712 2623
713 9125
714 2317
715 8145
716 5723
717 8093
718 4543
719 6601
720 6434
721 8123
722 2193
723 5573
724 3190
725 3856
726 6926
727 1861
728 231
729 383
730 1580
731 4665
732 5631
733 4149
734 7541
735 4395
736 8160
737 5480
738 9451
739 2034
740 1917
741 4465
742 3769
743 6464
744 9013
745 7232
746 254
747 5343
748 1543
749 2782
750 8216
751 5412
752 8545
753 8201
754 5832
755 7829
756 8469
757 3118
758 1215
759 6610
760 7168
761 2919
762 847
763 715
764 3432
765 5349
766 6514
767 3636
768 5017
769 1571
770 6091
771 3885
772 1550
773 9770
774 1529
775 9787
776 2237
777 6262
778 3587
779 3979
780 250
781 1315
782 4460
783 2292
784 6954
785 9670
786 1919
787 9041
788 4240
789 684
790 9853
791 8848
792 7155
793 5298
794 83
795 6147
796 4969
797 1741
798 6007
799 8722
800 1295
801 6946
802 7442
803 8963
804 3758
805 9403
806 332
807 5834
808 8534
809 595
810 5657
811 3186
812 6876
813 4133
814 2625
815 6393
816 6408
817 1517
818 2006
819 6331
820 7969
821 1932
822 418
823 8924
824 6929
825 8910
826 6632
827 5947
828 4840
829 7753
830 4633
831 2874
832 9368
833 6758
834 9676
835 2418
836 1829
837 9172
838 4750
839 5231
840 412
841 5969
842 3858
843 7467
844 3541
845 9084
846 6806
847 4047
848 572
849 1567
850 7805
851 9007
852 6938
853 8893
854 8064
855 9333
856 4229
857 346
858 7287
859 7033
860 7665
861 788
862 350
863 6058
864 4729
865 375
866 5992
867 4381
868 3330
869 3599
870 7003
871 5122
872 3665
873 7306
874 9492
875 4843
876 7572
877 2650
878 336
879 8750
880 9739
881 3906
882 6786
883 7255
884 588
885 4341
886 7912
887 4844
888 4991
889 7500
890 6485
891 8192
892 920
893 5846
894 6799
895 9669
896 7606
897 3672
898 8224
899 9415
900 7794
901 2209
902 4491
903 4179
904 3166
905 1175
906 8903
907 2216
908 76
909 1508
910 9757
911 7268
912 8925
913 601
914 6523
915 3516
916 8857
917 32
918 362
919 3016
920 2413
921 2761
922 6750
923 4847
924 6088
925 133
926 8905
927 5093
928 5877
929 7240
930 8628
931 3508
932 2325
933 307
934 6909
935 2615
936 7635
937 8554
938 3282
939 9891
940 2079
941 7092
942 731
943 388
944 551
945 4651
946 6827
947 9259
948 7641
949 1876
950 2143
951 4059
952 6444
953 3833
954 7384
955 4568
956 1566
957 6047
958 7113
959 1122
960 4104
961 6662
962 6992
963 7010
964 8106
965 213
966 9980
967 6501
968 165
969 2724
970 3673
971 1130
972 3393
973 6998
974 1757
975 3896
976 8581
977 6782
978 5521
979 8069
980 1977
981 5273
982 6122
983 9160
984 5005
985 914
986 4525
987 5605
988 5678
989 3303
990 259
991 5076
992 2192
993 3986
994 4554
995 1810
996 8066
997 4248
998 2098
999 6460
1000 2281
1001 9302
1002 3325
1003 170
1004 6568
1005 3285
1006 9348
1007 4744
1008 1037
1009 4688
1010 6146
1011 7730
1012 302
1013 3691
1014 4114
1015 6588
1016 8399
1017 828
1018 6626
1019 4601
1020 2187
1021 2196
1022 6709
1023 6196
1024 4606
1025 1189
1026 1307
1027 8177
1028 4236
1029 8980
1030 2518
1031 2095
1032 6539
1033 4307
1034 296
1035 6694
1036 8465
1037 6968
1038 3854
1039 2063
1040 6910
1041 2814
1042 9363
1043 8356
1044 3085
1045 1199
1046 4869
1047 3873
1048 7751
1049 2813
1050 2949
1051 5522
1052 3322
1053 6789
1054 5123
1055 2447
1056 512
1057 8193
1058 9693
1059 2407
1060 688
1061 5481
1062 2248
1063 7200
1064 2362
1065 5173
1066 6708
1067 9079
1068 655
1069 8394
1070 88
1071 3399
1072 8746
1073 9714
1074 5774
1075 4482
1076 4137
1077 6744
1078 4517
1079 742
1080 956
1081 929
1082 7425
1083 3538
1084 5148
1085 8821
1086 5777
1087 8530
1088 4838
1089 8067
1090 4696
1091 9400
1092 7374
1093 8477
1094 334
1095 1686
1096 7415
1097 1094
1098 6107
1099 8866
1100 4150
1101 6378
1102 138
1103 1621
1104 2382
1105 5167
1106 1565
1107 2478
1108 2185
1109 9085
1110 5061
1111 4367
1112 1071
1113 3050
1114 277
1115 8383
1116 4731
1117 4810
1118 917
1119 3959
1120 3748
1121 897
1122 5432
1123 1739
1124 157
1125 3272
1126 6175
1127 1888
1128 3018
1129 2762
1130 6406
1131 3627
1132 6308
1133 8057
1134 7978
1135 4509
1136 5368
1137 9962
1138 9599
1139 7651
1140 2274
1141 6321
1142 2285
1143 8420
1144 9981
1145 2251
1146 575
1147 6092
1148 1327
1149 4609
1150 1594
1151 6944
1152 4586
1153 630
1154 3226
1155 7943
1156 2828
1157 8738
1158 5787
1159 2933
1160 6462
1161 219
1162 7008
1163 1418
1164 1219
1165 9401
1166 5356
1167 452
1168 8565
1169 7114
1170 9723
1171 8761
1172 9427
1173 3054
1174 9608
1175 6183
1176 9735
1177 8724
1178 1484
1179 3812
1180 2086
1181 420
1182 3761
1183 8969
1184 4451
1185 8100
1186 1493
1187 4953
1188 606
1189 8166
1190 712
1191 7622
1192 7719
1193 893
1194 6108
1195 6707
1196 9360
1197 6706
1198 1870
1199 2800
1200 644
1201 6943
1202 6846
1203 9678
1204 1840
1205 9854
1206 9438
1207 8933
1208 5926
1209 3663
1210 6869
1211 1864
1212 6365
1213 3411
1214 342
1215 1589
1216 9356
1217 4998
1218 276
1219 9369
1220 6405
1221 4885
1222 7201
1223 6699
1224 1179
1225 5908
1226 7854
1227 3395
1228 2059
1229 4636
1230 5036
1231 4245
1232 8408
1233 3450
1234 8938
1235 3470
1236 8095
1237 5212
1238 8733
1239 4196
1240 2198
1241 9918
1242 1205
1243 2472
1244 9744
1245 2090
1246 6125
1247 9915
1248 9538
1249 9232
1250 7998
1251 249
1252 9227
1253 4485
1254 56
1255 5909
1256 3257
1257 6986
1258 8122
1259 4768
1260 884
1261 6755
1262 9983
1263 7605
1264 7176
1265 8435
1266 8739
1267 880
1268 6965
1269 6248
1270 4752
1271 1963
1272 6273
1273 9169
1274 2612
1275 2512
1276 6361
1277 94
1278 7810
1279 2978
1280 8
1281 2119
1282 1150
1283 4141
1284 2744
1285 6534
1286 8472
1287 9306
1288 5665
1289 3650
1290 8800
1291 3323
1292 4411
1293 173
1294 830
1295 5569
1296 8405
1297 1497
1298 8500
1299 5698
1300 1074
1301 8113
1302 3019
1303 6822
1304 1808
1305 492
1306 3143
1307 8288
1308 7716
1309 8368
1310 6239
1311 6219
1312 4986
1313 7526
1314 9776
1315 8926
1316 5588
1317 807
1318 6301
1319 8836
1320 9811
1321 9394
1322 4961
1323 3174
1324 2390
1325 9271
1326 326
1327 1514
1328 62
1329 5776
1330 2573
1331 5381
1332 3730
1333 6477
1334 5815
1335 7699
1336 2042
1337 8001
1338 5003
1339 2610
1340 8851
1341 4289
1342 1119
1343 5270
1344 5436
1345 8132
1346 1218
1347 7813
1348 4707
1349 4147
1350 3227
1351 8700
1352 3853
1353 5165
1354 835
1355 4408
1356 2887
1357 2296
1358 9902
1359 6804
1360 7817
1361 8462
1362 4127
1363 1311
1364 5373
1365 7347
1366 6947
1367 5350
1368 1041
1369 8762
1370 4274
1371 7847
1372 3596
1373 5286
1374 8221
1375 8211
1376 3266
1377 1610
1378 3657
1379 794
1380 8453
1381 9376
1382 4806
1383 5714
1384 3905
1385 3932
1386 9913
1387 7501
1388 6576
1389 6672
1390 1853
1391 7935
1392 8352
1393 1748
1394 528
1395 8873
1396 8172
1397 2181
1398 6725
1399 927
1400 3974
1401 7647
1402 9613
1403 7264
1404 4652
1405 6778
1406 7604
1407 4371
1408 9938
1409 2319
1410 9929
1411 9838
1412 9121
1413 1136
1414 7539
1415 4318
1416 2195
1417 5454
1418 7310
1419 2411
1420 9656
1421 2531
1422 8672
1423 6959
1424 7280
1425 4644
1426 6675
1427 5022
1428 3312
1429 9746
1430 2824
1431 8712
1432 4364
1433 5299
1434 237
1435 5393
1436 4402
1437 1659
1438 1142
1439 2161
1440 614
1441 5420
1442 8601
1443 499
1444 7929
1445 3980
1446 3597
1447 1025
1448 9361
1449 745
1450 7745
1451 1292
1452 8000
1453 6299
1454 7301
1455 670
1456 4444
1457 1114
1458 5311
1459 6225
1460 6040
1461 4989
1462 8091
1463 6821
1464 580
1465 1272
1466 9876
1467 7838
1468 3195
1469 9578
1470 7486
1471 8495
1472 5639
1473 1331
1474 6546
1475 5331
1476 1128
1477 8121
1478 9972
1479 2245
1480 4632
1481 5185
1482 3711
1483 5942
1484 1644
1485 8701
1486 2618
1487 1510
1488 244
1489 832
1490 214
1491 5797
1492 468
1493 6169
1494 6999
1495 6375
1496 5487
1497 2645
1498 5539
1499 5984
1500 2217
1501 5040
1502 1095
1503 7878
1504 2980
1505 3177
1506 7749
1507 7151
1508 8520
1509 1285
1510 1258
1511 4720
1512 308
1513 1333
1514 4902
1515 7120
1516 9559
1517 6538
1518 6181
1519 7035
1520 7213
1521 7715
1522 4305
1523 4355
1524 8174
1525 739
1526 2891
1527 5602
1528 403
1529 8061
1530 7191
1531 8473
1532 1182
1533 7139
1534 4938
1535 4220
1536 1245
1537 756
1538 2211
1539 5840
1540 4184
1541 9750
1542 299
1543 2911
1544 5483
1545 3699
1546 5214
1547 4820
1548 2403
1549 626
1550 6024
1551 7594
1552 7863
1553 4086
1554 363
1555 5681
1556 8128
1557 7512
1558 5187
1559 2219
1560 2689
1561 4028
1562 7924
1563 2588
1564 9779
1565 6657
1566 8018
1567 2759
1568 3764
1569 4490
1570 1887
1571 8515
1572 2227
1573 751
1574 672
1575 9527
1576 8046
1577 4690
1578 7127
1579 5147
1580 1055
1581 2120
1582 6367
1583 544
1584 1224
1585 5012
1586 5679
1587 6217
1588 281
1589 4290
1590 8879
1591 3456
1592 4814
1593 4974
1594 2703
1595 2419
1596 8468
1597 2136
1598 3259
1599 5644
1600 7088
1601 8049
1602 7524
1603 660
1604 4124
1605 212
1606 8430
1607 4107
1608 104
1609 8930
1610 5576
1611 3474
1612 4510
1613 7905
1614 4638
1615 9382
1616 3168
1617 311
1618 192
1619 650
1620 5508
1621 9673
1622 3878
1623 8251
1624 5242
1625 75
1626 952
1627 7754
1628 3845
1629 6208
1630 846
1631 6238
1632 3202
1633 1598
1634 3741
1635 1803
1636 4635
1637 2994
1638 3695
1639 7613
1640 9429
1641 6317
1642 6480
1643 8479
1644 7495
1645 9094
1646 9749
1647 7470
1648 6903
1649 476
1650 9010
1651 2516
1652 9760
1653 38
1654 5042
1655 2578
1656 2088
1657 9046
1658 1700
1659 4697
1660 8184
1661 3014
1662 1102
1663 7097
1664 7452
1665 6490
1666 8940
1667 5544
1668 8615
1669 7297
1670 9734
1671 6834
1672 6956
1673 6710
1674 8290
1675 1253
1676 1268
1677 9134
1678 7722
1679 8378
1680 310
1681 1871
1682 6057
1683 621
1684 8086
1685 3178
1686 1899
1687 4463
1688 730
1689 2751
1690 1929
1691 9436
1692 4890
1693 9281
1694 2280
1695 2704
1696 1329
1697 6401
1698 4678
1699 8881
1700 9188
1701 8210
1702 400
1703 8669
1704 1283
1705 6917
1706 9494
1707 7338
1708 581
1709 1526
1710 4207
1711 5344
1712 3453
1713 1081
1714 7104
1715 1077
1716 1770
1717 1086
1718 6235
1719 4300
1720 8837
1721 3817
1722 5181
1723 5536
1724 9253
1725 3239
1726 2979
1727 4479
1728 635
1729 5434
1730 6083
1731 5135
1732 287
1733 2232
1734 5903
1735 7295
1736 1743
1737 3888
1738 8858
1739 3678
1740 5007
1741 7242
1742 4294
1743 6090
1744 9700
1745 422
1746 7332
1747 8482
1748 79
1749 3616
1750 9997
1751 6536
1752 6724
1753 2061
1754 2513
1755 9785
1756 7214
1757 2247
1758 9292
1759 7876
1760 535
1761 1813
1762 2361
1763 386
1764 7999
1765 8512
1766 8005
1767 6780
1768 5116
1769 6456
1770 1085
1771 9111
1772 4958
1773 7108
1774 9107
1775 3626
1776 7700
1777 4924
1778 9329
1779 4846
1780 2667
1781 2256
1782 4566
1783 9119
1784 1846
1785 8719
1786 7386
1787 6376
1788 3543
1789 7746
1790 4956
1791 5028
1792 9771
1793 9898
1794 2974
1795 983
1796 3874
1797 5888
1798 9568
1799 43
1800 318
1801 7346
1802 529
1803 175
1804 8961
1805 8011
1806 8770
1807 7980
1808 3057
1809 2062
1810 186
1811 5091
1812 2565
1813 1373
1814 4532
1815 264
1816 5553
1817 4641
1818 3943
1819 9979
1820 6729
1821 4242
1822 7366
1823 7419
1824 368
1825 6792
1826 7762
1827 2346
1828 2242
1829 6885
1830 177
1831 9931
1832 2333
1833 7274
1834 2898
1835 9320
1836 9042
1837 3361
1838 8747
1839 93
1840 4627
1841 3535
1842 6889
1843 3545
1844 8572
1845 5253
1846 8959
1847 3536
1848 4691
1849 9610
1850 2486
1851 9362
1852 4815
1853 4605
1854 6637
1855 1386
1856 875
1857 6001
1858 8681
1859 234
1860 3947
1861 1720
1862 6812
1863 7000
1864 4475
1865 4212
1866 8035
1867 6486
1868 3389
1869 5081
1870 5236
1871 2991
1872 1433
1873 5700
1874 2894
1875 6976
1876 6159
1877 1835
1878 2763
1879 7106
1880 2440
1881 4073
1882 2488
1883 6717
1884 7173
1885 7421
1886 5030
1887 9627
1888 3685
1889 4410
1890 6379
1891 4298
1892 3548
1893 3360
1894 1728
1895 6585
1896 2442
1897 7823
1898 7561
1899 6739
1900 1264
1901 4067
1902 2773
1903 7679
1904 9448
1905 7141
1906 8856
1907 7043
1908 6271
1909 9383
1910 9175
1911 2071
1912 5643
1913 1059
1914 6583
1915 9881
1916 7506
1917 5120
1918 940
1919 8867
1920 7721
1921 7596
1922 9921
1923 4450
1924 6949
1925 9414
1926 8228
1927 7664
1928 2414
1929 2270
1930 1157
1931 2686
1932 7212
1933 8438
1934 3652
1935 3910
1936 5716
1937 8171
1938 8538
1939 2882
1940 4993
1941 5423
1942 7565
1943 1634
1944 1062
1945 2597
1946 3518
1947 1791
1948 5194
1949 4856
1950 435
1951 3973
1952 4939
1953 5653
1954 5533
1955 8788
1956 4602
1957 106
1958 2617
1959 4513
1960 360
1961 1854
1962 7971
1963 2444
1964 3068
1965 2327
1966 28
1967 6722
1968 5157
1969 2111
1970 6911
1971 3831
1972 723
1973 9959
1974 7480
1975 5518
1976 4021
1977 4400
1978 538
1979 2404
1980 8040
1981 8843
1982 3417
1983 4459
1984 7668
1985 7549
1986 2998
1987 7018
1988 8198
1989 3710
1990 8634
1991 7630
1992 663
1993 6820
1994 6346
1995 5297
1996 592
1997 2642
1998 2212
1999 2711
2000 4088
2001 2598
2002 968
2003 1504
2004 7992
2005 1410
2006 9833
2007 1101
2008 5977
2009 4171
2010 7517
2011 9569
2012 5307
2013 9011
2014 3088
2015 7438
2016 3776
2017 8353
2018 3902
2019 1532
2020 8743
2021 6218
2022 4413
2023 6120
2024 9386
2025 4100
2026 1289
2027 7531
2028 785
2029 8791
2030 4466
2031 7688
2032 9652
2033 8549
2034 5613
2035 9310
2036 8897
2037 1201
2038 1394
2039 3603
2040 3827
2041 1126
2042 2475
2043 4712
2044 6343
2045 7304
2046 714
2047 8099
2048 1209
2049 1389
2050 926
2051 2289
2052 802
2053 80
2054 5816
2055 752
2056 9967
2057 7085
2058 1440
2059 8524
2060 6870
2061 4791
2062 8871
2063 2695
2064 2586
2065 6246
2066 8307
2067 2305
2068 9995
2069 980
2070 5628
2071 4407
2072 7556
2073 1233
2074 9696
2075 340
2076 6623
2077 8948
2078 1115
2079 4676
2080 1403
2081 3738
2082 320
2083 5971
2084 6509
2085 1528
2086 9343
2087 3248
2088 1639
2089 1807
2090 2507
2091 55
2092 5690
2093 6390
2094 8693
2095 8985
2096 2988
2097 3093
2098 6203
2099 5820
2100 5858
2101 6020
2102 3145
2103 1049
2104 3781
2105 6005
2106 9268
2107 3236
2108 9859
2109 8780
2110 563
2111 1310
2112 5248
2113 763
2114 3786
2115 3418
2116 3654
2117 2174
2118 4553
2119 8555
2120 4269
2121 8311
2122 8372
2123 1534
2124 1590
2125 7972
2126 7862
2127 8250
2128 3985
2129 3440
2130 7006
2131 6982
2132 4675
2133 4917
2134 5827
2135 4343
2136 3860
2137 3347
2138 3880
2139 1892
2140 5703
2141 1867
2142 3066
2143 4389
2144 9607
2145 5537
2146 9314
2147 8169
2148 6277
2149 433
2150 2351
2151 3697
2152 2449
2153 3222
2154 3305
2155 5166
2156 9533
2157 1097
2158 8840
2159 5514
2160 5027
2161 9519
2162 2570
2163 9900
2164 803
2165 3757
2166 5620
2167 3923
2168 987
2169 813
2170 5233
2171 9470
2172 8662
2173 4060
2174 2580
2175 7724
2176 5890
2177 9412
2178 5682
2179 7196
2180 1346
2181 2676
2182 743
2183 2132
2184 4416
2185 9878
2186 2956
2187 9113
2188 1221
2189 1288
2190 8614
2191 8217
2192 1060
2193 7779
2194 7991
2195 4604
2196 4239
2197 9812
2198 3564
2199 691
2200 1554
2201 850
2202 9020
2203 2476
2204 3960
2205 1252
2206 9594
2207 6860
2208 1869
2209 4363
2210 9762
2211 4948
2212 6474
2213 4930
2214 2340
2215 5422
2216 2306
2217 4391
2218 695
2219 4592
2220 7864
2221 3542
2222 4388
2223 6925
2224 9996
2225 3790
2226 9564
2227 674
2228 9635
2229 9421
2230 1726
2231 9152
2232 5542
2233 6526
2234 4358
2235 3571
2236 9318
2237 5342
2238 5578
2239 9114
2240 3017
2241 3253
2242 1445
2243 908
2244 4356
2245 9622
2246 4414
2247 8553
2248 531
2249 558
2250 8358
2251 4879
2252 4045
2253 3762
2254 5218
2255 5442
2256 5449
2257 3713
2258 5837
2259 8890
2260 4674
2261 105
2262 6014
2263 4281
2264 5580
2265 9006
2266 7765
2267 5621
2268 4325
2269 2405
2270 5502
2271 7850
2272 2850
2273 3737
2274 253
2275 4116
2276 7827
2277 6679
2278 3912
2279 5852
2280 7965
2281 4095
2282 5887
2283 4374
2284 9476
2285 2424
2286 7595
2287 8361
2288 3374
2289 9263
2290 3171
2291 2031
2292 9865
2293 7428
2294 2218
2295 5267
2296 9716
2297 2372
2298 7511
2299 5845
2300 7145
2301 988
2302 7911
2303 3828
2304 2163
2305 2392
2306 2627
2307 6784
2308 2964
2309 3279
2310 7439
2311 1760
2312 8393
2313 4063
2314 9815
2315 6493
2316 6085
2317 3996
2318 6236
2319 4947
2320 2282
2321 8645
2322 2718
2323 8678
2324 5136
2325 9269
2326 7271
2327 7349
2328 6927
2329 3922
2330 5954
2331 1412
2332 101
2333 3892
2334 8460
2335 7123
2336 146
2337 2966
2338 1316
2339 469
2340 590
2341 7707
2342 5176
2343 6104
2344 9208
2345 8007
2346 261
2347 2114
2348 1016
2349 1352
2350 2183
2351 3061
2352 6044
2353 5718
2354 6141
2355 7354
2356 7476
2357 5707
2358 1708
2359 1137
2360 9193
2361 3170
2362 9170
2363 4816
2364 5143
2365 9053
2366 9969
2367 648
2368 8159
2369 5916
2370 6316
2371 7455
2372 7404
2373 9291
2374 6358
2375 6569
2376 8537
2377 814
2378 2315
2379 6138
2380 8934
2381 774
2382 7738
2383 4393
2384 1938
2385 2339
2386 1343
2387 7430
2388 863
2389 2252
2390 6563
2391 8367
2392 7283
2393 7166
2394 1421
2395 9601
2396 3149
2397 5669
2398 4865
2399 6503
2400 6368
2401 870
2402 525
2403 1646
2404 7107
2405 9534
2406 3887
2407 6052
2408 467
2409 1796
2410 1862
2411 2701
2412 5104
2413 4822
2414 440
2415 2450
2416 9788
2417 3062
2418 1758
2419 5819
2420 8874
2421 554
2422 390
2423 1561
2424 4899
2425 8944
2426 4238
2427 8771
2428 1563
2429 5901
2430 4886
2431 6499
2432 9712
2433 6124
2434 1362
2435 7172
2436 2253
2437 3736
2438 436
2439 9584
2440 1733
2441 1040
2442 500
2443 2602
2444 9850
2445 189
2446 6265
2447 444
2448 5520
2449 664
2450 1663
2451 6703
2452 9810
2453 3495
2454 5844
2455 9742
2456 1324
2457 6214
2458 7319
2459 2093
2460 2019
2461 2723
2462 6854
2463 9282
2464 6761
2465 9660
2466 1755
2467 5464
2468 9668
2469 9036
2470 455
2471 7051
2472 5107
2473 2590
2474 4813
2475 8137
2476 6953
2477 819
2478 8682
2479 3078
2480 3343
2481 8956
2482 4379
2483 7241
2484 2262
2485 7514
2486 7443
2487 5956
2488 9467
2489 1489
2490 9349
2491 5281
2492 2186
2493 8928
2494 9487
2495 268
2496 6289
2497 5782
2498 8359
2499 3125
2500 3295
2501 8446
2502 8658
2503 419
2504 1276
2505 2056
2506 5000
2507 9809
2508 6970
2509 451
2510 47
2511 6908
2512 3122
2513 707
2514 1144
2515 894
2516 4187
2517 8955
2518 1473
2519 5758
2520 8330
2521 4469
2522 5764
2523 6941
2524 6712
2525 9239
2526 517
2527 977
2528 9882
2529 5737
2530 7913
2531 567
2532 2631
2533 4584
2534 2636
2535 7485
2536 4858
2537 7953
2538 9058
2539 7286
2540 8793
2541 8993
2542 6793
2543 7936
2544 2547
2545 4265
2546 1230
2547 3801
2548 8384
2549 77
2550 6398
2551 4563
2552 4615
2553 4723
2554 1814
2555 1627
2556 3842
2557 6334
2558 5488
2559 4952
2560 5016
2561 4396
2562 9872
2563 586
2564 8243
2565 3152
2566 7231
2567 8120
2568 9759
2569 7132
2570 7309
2571 8041
2572 2025
2573 2872
2574 4682
2575 2810
2576 6243
2577 5043
2578 2387
2579 1725
2580 4261
2581 6678
2582 3574
2583 4827
2584 7112
2585 6016
2586 3350
2587 1519
2588 141
2589 6075
2590 622
2591 8875
2592 7974
2593 2613
2594 2147
2595 8204
2596 1896
2597 1778
2598 9261
2599 7
2600 5145
2601 8248
2602 8213
2603 8623
2604 1234
2605 4146
2606 3809
2607 2694
2608 9023
2609 8134
2610 4613
2611 207
2612 3837
2613 1211
2614 3311
2615 3835
2616 1546
2617 8827
2618 4559
2619 7256
2620 7881
2621 5655
2622 8584
2623 6010
2624 7693
2625 4765
2626 2928
2627 2572
2628 1046
2629 5570
2630 1354
2631 4170
2632 7610
2633 5833
2634 1676
2635 8698
2636 5835
2637 2222
2638 6849
2639 4539
2640 5773
2641 4099
2642 2030
2643 2321
2644 6666
2645 6516
2646 7052
2647 5290
2648 5394
2649 415
2650 4295
2651 2491
2652 3797
2653 685
2654 9077
2655 613
2656 4089
2657 7163
2658 2921
2659 2420
2660 284
2661 8826
2662 7078
2663 2544
2664 7391
2665 7261
2666 2521
2667 1753
2668 4380
2669 1202
2670 5512
2671 3430
2672 3732
2673 3484
2674 2797
2675 7221
2676 7828
2677 4075
2678 2290
2679 4949
2680 3034
2681 8044
2682 1540
2683 158
2684 4965
2685 3201
2686 1924
2687 4328
2688 1832
2689 9149
2690 4663
2691 1138
2692 3289
2693 2708
2694 7985
2695 3804
2696 7658
2697 8102
2698 6661
2699 5938
2700 6753
2701 8569
2702 1351
2703 1926
2704 950
2705 5545
2706 431
2707 6119
2708 3214
2709 6187
2710 638
2711 8133
2712 4881
2713 2622
2714 1032
2715 5825
2716 566
2717 3076
2718 6586
2719 951
2720 564
2721 228
2722 7781
2723 4623
2724 8641
2725 8694
2726 1013
2727 5370
2728 8885
2729 5051
2730 3406
2731 8279
2732 2808
2733 904
2734 3045
2735 1848
2736 7534
2737 5658
2738 3815
2739 4126
2740 1556
2741 4978
2742 5437
2743 6505
2744 7086
2745 3869
2746 5351
2747 3731
2748 8796
2749 5323
2750 2501
2751 1707
2752 7170
2753 155
2754 9243
2755 2983
2756 976
2757 2368
2758 7783
2759 6004
2760 5366
2761 513
2762 6335
2763 5807
2764 7917
2765 7099
2766 2839
2767 2777
2768 2129
2769 1672
2770 7967
2771 6045
2772 4699
2773 4897
2774 5303
2775 5190
2776 1168
2777 710
2778 6573
2779 1827
2780 9037
2781 9351
2782 1548
2783 2278
2784 291
2785 3850
2786 3302
2787 1910
2788 7207
2789 9509
2790 7494
2791 6652
2792 762
2793 7389
2794 1606
2795 1184
2796 6340
2797 9720
2798 6963
2799 2345
2800 5979
2801 722
2802 7552
2803 647
2804 6796
2805 7536
2806 1930
2807 9316
2808 3401
2809 2460
2810 5771
2811 2725
2812 3883
2813 5407
2814 6403
2815 3024
2816 4521
2817 8563
2818 9471
2819 4916
2820 1775
2821 8629
2822 4515
2823 7434
2824 3140
2825 6109
2826 3944
2827 2380
2828 9352
2829 1337
2830 6714
2831 5693
2832 2357
2833 4595
2834 174
2835 1239
2836 361
2837 4630
2838 4934
2839 5735
2840 1444
2841 6940
2842 9047
2843 1391
2844 872
2845 263
2846 840
2847 767
2848 4016
2849 2266
2850 4020
2851 7341
2852 5962
2853 4817
2854 7082
2855 9078
2856 5477
2857 9491
2858 2534
2859 1879
2860 758
2861 3175
2862 4185
2863 2388
2864 6737
2865 5155
2866 2734
2867 463
2868 6268
2869 834
2870 5465
2871 9245
2872 7914
2873 5413
2874 5710
2875 726
2876 9459
2877 4071
2878 6547
2879 120
2880 5684
2881 5732
2882 6800
2883 4351
2884 3568
2885 6874
2886 3021
2887 9944
2888 6711
2889 4382
2890 9933
2891 6042
2892 4470
2893 1385
2894 8337
2895 5793
2896 2496
2897 4741
2898 7489
2899 2915
2900 3136
2901 6185
2902 5515
2903 9017
2904 2010
2905 3324
2906 3727
2907 9629
2908 9956
2909 1124
2910 1555
2911 1761
2912 1387
2913 510
2914 4223
2915 4571
2916 140
2917 925
2918 2990
2919 8859
2920 95
2921 3966
2922 2837
2923 5561
2924 8400
2925 5175
2926 9247
2927 8006
2928 7798
2929 4722
2930 1375
2931 278
2932 8860
2933 9632
2934 5285
2935 6048
2936 1481
2937 6152
2938 9355
2939 2250
2940 9331
2941 5823
2942 25
2943 6735
2944 4296
2945 9299
2946 1368
2947 5111
2948 8600
2949 2549
2950 853
2951 9984
2952 1413
2953 841
2954 944
2955 7960
2956 3844
2957 5988
2958 90
2959 2167
2960 202
2961 1200
2962 7796
2963 9323
2964 6734
2965 9522
2966 9512
2967 548
2968 5199
2969 8960
2970 9653
2971 5904
2972 6937
2973 2228
2974 2324
2975 4570
2976 7923
2977 6251
2978 9430
2979 6907
2980 4643
2981 6386
2982 4455
2983 3633
2984 7843
2985 9970
2986 964
2987 7650
2988 4565
2989 6556
2990 5306
2991 2226
2992 7788
2993 8449
2994 7479
2995 9552
2996 6276
2997 7836
2998 8281
2999 498
3000 8502
3001 4983
3002 6913
3003 1941
3004 5699
3005 2788
3006 717
3007 8607
3008 6029
3009 2509
3010 5878
3011 4573
3012 2166
3013 6898
3014 3232
3015 6646
3016 1334
3017 735
3018 986
3019 4911
3020 3086
3021 6463
3022 5785
3023 45
3024 4188
3025 605
3026 3798
3027 8196
3028 2239
3029 3064
3030 5713
3031 3241
3032 9605
3033 8127
3034 6622
3035 6115
3036 8564
3037 3617
3038 8114
3039 401
3040 7235
3041 6647
3042 49
3043 2168
3044 9704
3045 6051
3046 6716
3047 5353
3048 5762
3049 8218
3050 7629
3051 5931
3052 2191
3053 9719
3054 4445
3055 6039
3056 8996
3057 8135
3058 7567
3059 8627
3060 7090
3061 6258
3062 2304
3063 7568
3064 6269
3065 8402
3066 3369
3067 7048
3068 7760
3069 4387
3070 8774
3071 9899
3072 3473
3073 4679
3074 5330
3075 7417
3076 4003
3077 9517
3078 6715
3079 8079
3080 2895
3081 211
3082 2431
3083 3987
3084 2428
3085 3056
3086 1558
3087 8748
3088 13
3089 8997
3090 4798
3091 2772
3092 8954
3093 4360
3094 1818
3095 4284
3096 7122
3097 3806
3098 1583
3099 5623
3100 6407
3101 5462
3102 7248
3103 7942
3104 6234
3105 2258
3106 657
3107 2571
3108 978
3109 2200
3110 2494
3111 7435
3112 1069
3113 4804
3114 6478
3115 3294
3116 3337
3117 3273
3118 1349
3119 5948
3120 6828
3121 3327
3122 3629
3123 3065
3124 2739
3125 3348
3126 4007
3127 8673
3128 4809
3129 1581
3130 6766
3131 7880
3132 3573
3133 3111
3134 1181
3135 3919
3136 2481
3137 7019
3138 2560
3139 9574
3140 9992
3141 6768
3142 4449
3143 1825
3144 54
3145 2954
3146 1056
3147 6561
3148 5919
3149 5907
3150 8431
3151 9455
3152 4433
3153 982
3154 2430
3155 3299
3156 3276
3157 1064
3158 4848
3159 4032
3160 3517
3161 2275
3162 9664
3163 5039
3164 9897
3165 4580
3166 9773
3167 8261
3168 2024
3169 6382
3170 7350
3171 6895
3172 9758
3173 9279
3174 3104
3175 9486
3176 4157
3177 3744
3178 4226
3179 7945
3180 2897
3181 1865
3182 7065
3183 2738
3184 3927
3185 1533
3186 2679
3187 1284
3188 849
3189 5857
3190 1281
3191 4689
3192 4549
3193 7748
3194 3147
3195 6437
3196 5826
3197 2916
3198 7499
3199 2441
3200 5466
3201 5020
3202 6984
3203 1453
3204 8592
3205 3108
3206 5334
3207 5149
3208 4201
3209 9823
3210 2678
3211 7637
3212 5479
3213 8312
3214 659
3215 9242
3216 6266
3217 7581
3218 8107
3219 8008
3220 2635
3221 1162
3222 6142
3223 9147
3224 9952
3225 746
3226 1275
3227 160
3228 1297
3229 8580
3230 5610
3231 4717
3232 9359
3233 4190
3234 4794
3235 8354
3236 887
3237 9001
3238 4572
3239 248
3240 8842
3241 2860
3242 4235
3243 2033
3244 7234
3245 487
3246 269
3247 8619
3248 881
3249 4493
3250 5392
3251 8432
3252 9977
3253 4867
3254 2889
3255 149
3256 9537
3257 8293
3258 1151
3259 3830
3260 384
3261 3851
3262 2145
3263 6471
3264 6560
3265 5037
3266 4556
3267 9570
3268 6065
3269 892
3270 2459
3271 3476
3272 8744
3273 4349
3274 9502
3275 7563
3276 9150
3277 8167
3278 6863
3279 5965
3280 201
3281 8277
3282 5486
3283 5731
3284 9340
3285 6950
3286 3425
3287 1990
3288 8454
3289 2582
3290 1833
3291 7277
3292 1697
3293 1691
3294 9106
3295 5853
3296 63
3297 8654
3298 1210
3299 6843
3300 6319
3301 1454
3302 3403
3303 4172
3304 4800
3305 5386
3306 8973
3307 2295
3308 8074
3309 6139
3310 3723
3311 9411
3312 3972
3313 8695
3314 371
3315 5784
3316 7061
3317 9354
3318 947
3319 3613
3320 4024
3321 6162
3322 3482
3323 5500
3324 377
3325 7646
3326 6559
3327 8235
3328 1897
3329 8269
3330 3569
3331 2121
3332 1855
3333 1045
3334 7250
3335 4271
3336 4316
3337 1408
3338 1338
3339 5921
3340 3250
3341 9868
3342 2910
3343 4262
3344 3660
3345 5593
3346 8178
3347 8947
3348 534
3349 7258
3350 1015
3351 7021
3352 7091
3353 1509
3354 9939
3355 2562
3356 7822
3357 156
3358 578
3359 2778
3360 2027
3361 1397
3362 8423
3363 6746
3364 4518
3365 7418
3366 1460
3367 6865
3368 600
3369 3796
3370 154
3371 5556
3372 7197
3373 599
3374 4454
3375 7001
3376 7210
3377 2076
3378 2688
3379 2417
3380 839
3381 6148
3382 26
3383 5557
3384 3409
3385 9179
3386 5498
3387 8331
3388 1369
3389 3384
3390 703
3391 6342
3392 8998
3393 4646
3394 2515
3395 2668
3396 2503
3397 1127
3398 4787
3399 5960
3400 4390
3401 1967
3402 3277
3403 4540
3404 3664
3405 3988
3406 9319
3407 8096
3408 8260
3409 3859
3410 5943
3411 85
3412 9344
3413 7393
3414 4789
3415 9267
3416 2899
3417 1586
3418 5398
3419 7022
3420 6369
3421 4945
3422 8668
3423 724
3424 8173
3425 1090
3426 5662
3427 3052
3428 7888
3429 7727
3430 1936
3431 5763
3432 5664
3433 858
3434 571
3435 8214
3436 5917
3437 1023
3438 7576
3439 1914
3440 3721
3441 1355
3442 1407
3443 5939
3444 6292
3445 3957
3446 6696
3447 3608
3448 1921
3449 2967
3450 1057
3451 6274
3452 7882
3453 3445
3454 4686
3455 540
3456 8225
3457 1093
3458 6184
3459 151
3460 2888
3461 3146
3462 9384
3463 7205
3464 1525
3465 9373
3466 3489
3467 7243
3468 2493
3469 1249
3470 3313
3471 1170
3472 1783
3473 9826
3474 9783
3475 7947
3476 8282
3477 9590
3478 9828
3479 1496
3480 338
3481 7454
3482 3605
3483 7496
3484 3915
3485 8272
3486 4375
3487 3583
3488 4834
3489 8155
3490 5247
3491 9278
3492 5321
3493 6422
3494 1648
3495 5197
3496 7803
3497 7356
3498 9906
3499 2182
3500 8765
3501 919
3502 3882
3503 236
3504 2551
3505 3687
3506 7208
3507 9218
3508 4593
3509 4140
3510 144
3511 4587
3512 3367
3513 4670
3514 2448
3515 9330
3516 4234
3517 6773
3518 2127
3519 1903
3520 2736
3521 5172
3522 9829
3523 9252
3524 5531
3525 6597
3526 2851
3527 9033
3528 3420
3529 7875
3530 6447
3531 6939
3532 3493
3533 5053
3534 3040
3535 6495
3536 7614
3537 2855
3538 516
3539 3067
3540 1244
3541 6400
3542 1956
3543 5524
3544 9123
3545 3810
3546 8740
3547 1878
3548 7469
3549 719
3550 1434
3551 9437
3552 5313
3553 4192
3554 8908
3555 3475
3556 4015
3557 5317
3558 4977
3559 4692
3560 4705
3561 3366
3562 8666
3563 3694
3564 3995
3565 4083
3566 4878
3567 3319
3568 6840
3569 8363
3570 8849
3571 9866
3572 5957
3573 4174
3574 9409
3575 699
3576 5011
3577 8396
3578 483
3579 5813
3580 4314
3581 4232
3582 3120
3583 4076
3584 9495
3585 8351
3586 804
3587 6948
3588 4161
3589 2652
3590 6312
3591 6202
3592 286
3593 3528
3594 8914
3595 5692
3596 5406
3597 4160
3598 4754
3599 3698
3600 769
3601 6790
3602 5325
3603 3142
3604 3696
3605 3917
3606 7360
3607 6515
3608 5855
3609 4607
3610 3480
3611 996
3612 4772
3613 7292
3614 6636
3615 9763
3616 9482
3617 5671
3618 6890
3619 8268
3620 2526
3621 2165
3622 2434
3623 7620
3624 5049
3625 4828
3626 3106
3627 675
3628 9197
3629 5912
3630 5810
3631 2632
3632 9082
3633 7282
3634 637
3635 7492
3636 3751
3637 6314
3638 4068
3639 7773
3640 1789
3641 8104
3642 7941
3643 7327
3644 3483
3645 2464
3646 8380
3647 5791
3648 7079
3649 9244
3650 7397
3651 2817
3652 9137
3653 812
3654 4739
3655 5635
3656 8690
3657 87
3658 382
3659 1004
3660 3260
3661 9830
3662 8861
3663 2049
3664 1820
3665 3154
3666 4562
3667 7031
3668 1629
3669 9083
3670 9326
3671 416
3672 206
3673 5865
3674 5430
3675 1107
3676 6969
3677 7855
3678 3971
3679 1061
3680 4941
3681 7279
3682 7893
3683 2644
3684 3824
3685 8485
3686 643
3687 1836
3688 4327
3689 41
3690 3074
3691 1997
3692 7729
3693 6644
3694 4176
3695 4255
3696 9764
3697 7997
3698 7448
3699 9914
3700 6653
3701 9817
3702 3446
3703 6087
3704 9022
3705 5058
3706 5447
3707 8480
3708 2971
3709 3197
3710 9346
3711 5100
3712 6178
3713 3290
3714 3576
3715 3555
3716 9388
3717 1108
3718 3080
3719 4366
3720 1225
3721 3193
3722 2309
3723 3163
3724 1116
3725 3783
3726 985
3727 2313
3728 6156
3729 69
3730 5092
3731 5252
3732 8775
3733 92
3734 183
3735 3983
3736 4511
3737 1828
3738 1618
3739 4713
3740 2626
3741 507
3742 1874
3743 934
3744 8170
3745 113
3746 9311
3747 5642
3748 6137
3749 7313
3750 4135
3751 1635
3752 6096
3753 8017
3754 5223
3755 2655
3756 852
3757 6350
3758 9581
3759 2556
3760 8190
3761 5279
3762 8433
3763 9501
3764 7307
3765 8643
3766 656
3767 1965
3768 9982
3769 3363
3770 3849
3771 2190
3772 5461
3773 389
3774 4711
3775 2833
3776 3157
3777 3803
3778 2884
3779 3750
3780 8736
3781 3614
3782 689
3783 7222
3784 5842
3785 3249
3786 3287
3787 1800
3788 9274
3789 9154
3790 4581
3791 1260
3792 4829
3793 7193
3794 2502
3795 901
3796 9532
3797 9732
3798 7921
3799 6418
3800 4019
3801 8053
3802 442
3803 8525
3804 7815
3805 2658
3806 3029
3807 5
3808 2433
3809 7318
3810 4180
3811 9015
3812 9413
3813 9153
3814 3680
3815 9062
3816 2732
3817 5427
3818 7049
3819 6541
3820 8943
3821 9577
3822 1693
3823 3876
3824 8467
3825 6988
3826 8144
3827 6302
3828 1399
3829 2733
3830 5571
3831 3861
3832 4776
3833 5790
3834 5207
3835 6263
3836 5095
3837 2584
3838 8382
3839 9433
3840 4448
3841 3224
3842 1240
3843 3331
3844 1666
3845 3101
3846 8583
3847 2043
3848 7934
3849 5860
3850 9634
3851 716
3852 2081
3853 5541
3854 2863
3855 5879
3856 2960
3857 1680
3858 2066
3859 6629
3860 6592
3861 1092
3862 8199
3863 6430
3864 2947
3865 7497
3866 4805
3867 1033
3868 7474
3869 4361
3870 5586
3871 3462
3872 990
3873 1159
3874 4452
3875 5169
3876 5044
3877 9687
3878 526
3879 6892
3880 3059
3881 5269
3882 8625
3883 1785
3884 1742
3885 8072
3886 9458
3887 5245
3888 5996
3889 2999
3890 1073
3891 4120
3892 4771
3893 5651
3894 2790
3895 8434
3896 5925
3897 2802
3898 4740
3899 3930
3900 1523
3901 8588
3902 2188
3903 524
3904 7245
3905 9862
3906 3070
3907 3726
3908 8063
3909 1173
3910 9528
3911 5649
3912 6994
3913 7927
3914 1457
3915 5929
3916 1163
3917 4629
3918 7638
3919 1574
3920 658
3921 8245
3922 5616
3923 5961
3924 5595
3925 9698
3926 2903
3927 181
3928 6135
3929 3981
3930 6638
3931 6116
3932 8833
3933 273
3934 1600
3935 1769
3936 4496
3937 8226
3938 8397
3939 1603
3940 3478
3941 4783
3942 7892
3943 7312
3944 8763
3945 4667
3946 4516
3947 6594
3948 4724
3949 7834
3950 5338
3951 7928
3952 7422
3953 3355
3954 4000
3955 7291
3956 2002
3957 778
3958 364
3959 7654
3960 915
3961 3375
3962 3469
3963 5446
3964 9816
3965 8648
3966 7189
3967 8165
3968 3423
3969 8882
3970 6199
3971 5625
3972 4472
3973 5328
3974 1027
3975 1141
3976 3292
3977 9554
3978 3271
3979 7525
3980 6613
3981 4257
3982 9832
3983 5177
3984 7676
3985 700
3986 4887
3987 4484
3988 7046
3989 9008
3990 6193
3991 3963
3992 393
3993 736
3994 641
3995 1656
3996 8854
3997 6224
3998 6783
3999 4121
4000 1507
4001 4204
4002 5645
4003 3791
4004 8760
4005 1076
4006 9628
4007 2358
4008 3218
4009 7216
4010 4790
4011 6785
4012 7819
4013 2567
4014 3426
4015 8151
4016 8935
4017 8336
4018 2936
4019 9230
4020 5712
4021 7636
4022 8945
4023 6166
4024 5105
4025 373
4026 3030
4027 9138
4028 5509
4029 5473
4030 6808
4031 6306
4032 9443
4033 9260
4034 3705
4035 5914
4036 7187
4037 4210
4038 1794
4039 5974
4040 6693
4041 3063
4042 2886
4043 911
4044 2730
4045 2356
4046 1125
4047 6458
4048 1535
4049 6441
4050 1609
4051 4669
4052 8516
4053 11
4054 2085
4055 3903
4056 1951
4057 5811
4058 8751
4059 9870
4060 8306
4061 2177
4062 485
4063 6525
4064 8360
4065 18
4066 4966
4067 3774
4068 348
4069 5438
4070 2308
4071 3742
4072 8990
4073 2096
4074 1908
4075 5280
4076 8491
4077 2234
4078 6492
4079 2677
4080 8976
4081 9081
4082 798
4083 9406
4084 3012
4085 8227
4086 5009
4087 2951
4088 3049
4089 2712
4090 6311
4091 19
4092 4213
4093 1662
4094 215
4095 6945
4096 6748
4097 4022
4098 4612
4099 461
4100 3580
4101 3591
4102 4494
4103 2968
4104 306
4105 2664
4106 3023
4107 3552
4108 1153
4109 454
4110 3884
4111 2028
4112 4078
4113 6131
4114 1318
4115 6974
4116 3668
4117 6900
4118 6767
4119 7072
4120 5918
4121 3397
4122 6589
4123 7190
4124 1088
4125 5134
4126 1480
4127 7800
4128 6062
4129 4861
4130 5941
4131 5963
4132 285
4133 297
4134 9766
4135 6309
4136 4209
4137 6056
4138 8659
4139 8533
4140 7345
4141 2495
4142 1378
4143 1204
4144 3800
4145 2753
4146 1978
4147 8488
4148 6883
4149 4946
4150 3949
4151 1112
4152 4081
4153 6713
4154 52
4155 5869
4156 8611
4157 3862
4158 3028
4159 5045
4160 8343
4161 5428
4162 4304
4163 3151
4164 3459
4165 9328
4166 4773
4167 6415
4168 825
4169 7044
4170 8646
4171 3346
4172 1012
4173 9035
4174 5850
4175 4896
4176 8995
4177 9129
4178 9671
4179 2792
4180 8506
4181 370
4182 1363
4183 9934
4184 3433
4185 4648
4186 8112
4187 3526
4188 7182
4189 1658
4190 4044
4191 5201
4192 8461
4193 4775
4194 9371
4195 5031
4196 9796
4197 3897
4198 8344
4199 6176
4200 7737
4201 9789
4202 2148
4203 8436
4204 6275
4205 8413
4206 9076
4207 5862
4208 9625
4209 9998
4210 2332
4211 3099
4212 6204
4213 3946
4214 1986
4215 5754
4216 4011
4217 5213
4218 5054
4219 8808
4220 821
4221 9490
4222 230
4223 6688
4224 6530
4225 9116
4226 6106
4227 2426
4228 787
4229 4329
4230 2779
4231 4043
4232 108
4233 4639
4234 4582
4235 4143
4236 862
4237 2533
4238 6971
4239 9040
4240 3594
4241 7691
4242 5063
4243 3326
4244 9964
4245 1591
4246 7714
4247 4221
4248 1469
4249 1623
4250 8514
4251 8768
4252 7957
4253 9930
4254 225
4255 3263
4256 891
4257 8591
4258 7331
4259 6338
4260 3544
4261 6227
4262 398
4263 2138
4264 347
4265 6577
4266 292
4267 9454
4268 2004
4269 5796
4270 1881
4271 7584
4272 7507
4273 2857
4274 9546
4275 4954
4276 6842
4277 6776
4278 5291
4279 3997
4280 6912
4281 5085
4282 5695
4283 1536
4284 9238
4285 2520
4286 2670
4287 2053
4288 844
4289 961
4290 4681
4291 3666
4292 4893
4293 309
4294 9754
4295 5659
4296 5001
4297 5866
4298 1687
4299 4373
4300 8398
4301 8029
4302 1187
4303 1735
4304 4656
4305 9919
4306 2260
4307 3442
4308 5611
4309 7859
4310 2379
4311 6033
4312 8154
4313 295
4314 1714
4315 9558
4316 3945
4317 150
4318 9515
4319 3215
4320 7491
4321 1944
4322 3933
4323 3238
4324 5232
4325 9277
4326 2040
4327 1601
4328 2244
4329 1356
4330 946
4331 898
4332 9518
4333 2807
4334 6008
4335 8117
4336 9672
4337 2868
4338 7851
4339 6599
4340 1226
4341 5574
4342 618
4343 4590
4344 1669
4345 3991
4346 3011
4347 6329
4348 9231
4349 2402
4350 8094
4351 5552
4352 3879
4353 4138
4354 71
4355 4908
4356 8009
4357 2852
4358 7323
4359 5195
4360 3948
4361 2931
4362 4027
4363 859
4364 7818
4365 6018
4366 1235
4367 4177
4368 3422
4369 3585
4370 6228
4371 1001
4372 5333
4373 2348
4374 3690
4375 4550
4376 7376
4377 4306
4378 8077
4379 4417
4380 7129
4381 1643
4382 7625
4383 5376
4384 445
4385 2462
4386 4552
4387 6832
4388 9971
4389 8723
4390 8799
4391 8042
4392 1668
4393 8822
4394 3907
4395 6241
4396 184
4397 4919
4398 5497
4399 9916
4400 4051
4401 5950
4402 5685
4403 8835
4404 9095
4405 6279
4406 5526
4407 6640
4408 8317
4409 4852
4410 6787
4411 3165
4412 7461
4413 9802
4414 8289
4415 3144
4416 2984
4417 896
4418 1799
4419 610
4420 8152
4421 8389
4422 5256
4423 5504
4424 2537
4425 5038
4426 732
4427 5388
4428 1847
4429 1401
4430 1010
4431 2463
4432 6017
4433 9595
4434 3221
4435 3364
4436 98
4437 4975
4438 9220
4439 7056
4440 8339
4441 3308
4442 5641
4443 9353
4444 1576
4445 4725
4446 4561
4447 8720
4448 8273
4449 359
4450 4069
4451 4424
4452 7752
4453 3893
4454 4909
4455 823
4456 5324
4457 8953
4458 9612
4459 4738
4460 4101
4461 5592
4462 1959
4463 3487
4464 8451
4465 2154
4466 8710
4467 9711
4468 2699
4469 9585
4470 8143
4471 936
4472 3829
4473 1359
4474 3458
4475 4169
4476 252
4477 1948
4478 552
4479 4564
4480 6105
4481 5765
4482 6880
4483 6845
4484 9288
4485 4259
4486 3623
4487 1428
4488 1121
4489 3172
4490 3978
4491 652
4492 333
4493 935
4494 7458
4495 7770
4496 4421
4497 4193
4498 8084
4499 2754
4500 209
4501 280
4502 3217
4503 2257
4504 8523
4505 119
4506 1694
4507 6651
4508 7162
4509 3159
4510 5220
4511 3026
4512 1282
4513 696
4514 1738
4515 9945
4516 3256
4517 1912
4518 7906
4519 2039
4520 1271
4521 4036
4522 8088
4523 3832
4524 2365
4525 7160
4526 2717
4527 1845
4528 7025
4529 8073
4530 9072
4531 6496
4532 805
4533 6080
4534 2312
4535 2805
4536 1206
4537 3378
4538 1677
4539 1462
4540 6581
4541 9542
4542 9151
4543 3317
4544 7159
4545 3671
4546 7809
4547 4719
4548 4208
4549 5296
4550 9747
4551 7776
4552 793
4553 3559
4554 9624
4555 5530
4556 8447
4557 1777
4558 3821
4559 7697
4560 1166
4561 8839
4562 4661
4563 8253
4564 4446
4565 8971
4566 8366
4567 9300
4568 9284
4569 3245
4570 327
4571 820
4572 7329
4573 2666
4574 2109
4575 3429
4576 3
4577 6216
4578 369
4579 1699
4580 4430
4581 3756
4582 8923
4583 5863
4584 1696
4585 5886
4586 9423
4587 2538
4588 6089
4589 2765
4590 282
4591 8395
4592 5715
4593 6455
4594 1502
4595 497
4596 9213
4597 5740
4598 4677
4599 2648
4600 4467
4601 7095
4602 4018
4603 3413
4604 2078
4605 100
4606 7588
4607 8663
4608 2993
4609 4761
4610 3547
4611 73
4612 447
4613 7907
4614 4811
4615 5794
4616 8635
4617 4746
4618 3188
4619 9793
4620 1651
4621 265
4622 6775
4623 4757
4624 5174
4625 3235
4626 3546
4627 9659
4628 3281
4629 8036
4630 9885
4631 5070
4632 9420
4633 755
4634 8778
4635 1259
4636 6747
4637 6719
4638 8220
4639 3993
4640 3491
4641 9745
4642 2170
4643 1431
4644 1624
4645 1654
4646 5803
4647 5788
4648 8804
4649 9475
4650 5894
4651 9370
4652 8968
4653 8161
4654 562
4655 5250
4656 2395
4657 1030
4658 8421
4659 1298
4660 3500
4661 6427
4662 9846
4663 7671
4664 8231
4665 2060
4666 3653
4667 6494
4668 9513
4669 9514
4670 2160
4671 2766
4672 251
4673 3579
4674 9991
4675 3096
4676 7275
4677 8558
4678 5305
4679 2103
4680 5158
4681 2117
4682 8256
4683 5673
4684 9392
4685 1000
4686 1633
4687 7633
4688 50
4689 7660
4690 2000
4691 8707
4692 7487
4693 2965
4694 1017
4695 1034
4696 5490
4697 6453
4698 5902
4699 5128
4700 5274
4701 1358
4702 5204
4703 8083
4704 3703
4705 9626
4706 4818
4707 7839
4708 6371
4709 6113
4710 7712
4711 9105
4712 5696
4713 121
4714 8862
4715 1483
4716 8189
4717 6633
4718 831
4719 1570
4720 5885
4721 4695
4722 3288
4723 4764
4724 7966
4725 7416
4726 5897
4727 9308
4728 6690
4729 9706
4730 9029
4731 1471
4732 1432
4733 7444
4734 1443
4735 9264
4736 2587
4737 2477
4738 6067
4739 9917
4740 8617
4741 6519
4742 2624
4743 7050
4744 7353
4745 4693
4746 205
4747 2743
4748 7185
4749 4456
4750 6488
4751 6608
4752 8474
4753 4049
4754 1006
4755 6472
4756 8819
4757 2883
4758 5083
4759 6059
4760 9028
4761 3461
4762 938
4763 967
4764 1588
4765 4041
4766 4658
4767 1915
4768 3843
4769 6250
4770 6457
4771 1396
4772 6034
4773 522
4774 842
4775 4498
4776 7593
4777 2035
4778 7103
4779 6620
4780 7696
4781 1031
4782 5591
4783 8262
4784 8265
4785 2604
4786 5475
4787 1557
4788 9638
4789 9654
4790 6528
4791 9976
4792 8950
4793 5440
4794 7616
4795 8567
4796 3394
4797 9674
4798 5391
4799 7687
4800 9647
4801 3368
4802 9399
4803 4832
4804 3173
4805 2122
4806 2026
4807 9255
4808 6182
4809 3206
4810 6333
4811 8295
4812 591
4813 6282
4814 4710
4815 2353
4816 8027
4817 903
4818 5476
4819 5383
4820 1262
4821 2654
4822 335
4823 4851
4824 4326
4825 993
4826 1617
4827 6552
4828 4523
4829 1690
4830 2429
4831 9756
4832 8024
4833 3969
4834 7979
4835 541
4836 9506
4837 8341
4838 1192
4839 9547
4840 596
4841 2550
4842 5055
4843 329
4844 4883
4845 5277
4846 2836
4847 7062
4848 6121
4849 5806
4850 4039
4851 514
4852 9681
4853 2101
4854 9054
4855 6564
4856 1806
4857 6615
4858 5743
4859 6788
4860 8497
4861 7290
4862 1939
4863 2628
4864 8075
4865 1900
4866 1513
4867 6540
4868 4758
4869 2343
4870 1143
4871 8207
4872 1158
4873 8552
4874 1787
4875 8149
4876 6839
4877 1383
4878 1266
4879 6759
4880 796
4881 7977
4882 6553
4883 8362
4884 1553
4885 6901
4886 6887
4887 3329
4888 6291
4889 7925
4890 1549
4891 6607
4892 924
4893 547
4894 1255
4895 6200
4896 2713
4897 3005
4898 2693
4899 6143
4900 6697
4901 5911
4902 3219
4903 2323
4904 9254
4905 409
4906 2616
4907 8325
4908 8660
4909 5275
4910 6723
4911 4308
4912 8829
4913 7759
4914 7782
4915 6764
4916 9211
4917 1875
4918 5378
4919 4297
4920 9468
4921 4985
4922 8316
4923 489
4924 3644
4925 9805
4926 7070
4927 9689
4928 9145
4929 3121
4930 4038
4931 2532
4932 6417
4933 3759
4934 8050
4935 1196
4936 9596
4937 9240
4938 900
4939 7288
4940 5162
4941 7939
4942 1747
4943 5234
4944 3465
4945 9158
4946 2316
4947 945
4948 5080
4949 2592
4950 4642
4951 9124
4952 6511
4953 196
4954 9637
4955 4335
4956 9922
4957 7931
4958 2986
4959 7138
4960 3041
4961 3846
4962 8931
4963 3953
4964 7178
4965 6535
4966 7962
4967 836
4968 2819
4969 549
4970 8264
4971 7741
4972 9847
4973 9548
4974 8946
4975 6272
4976 1790
4977 5032
4978 7260
4979 7363
4980 1494
4981 3486
4982 9002
4983 4603
4984 2579
4985 6942
4986 6857
4987 1698
4988 2661
4989 1148
4990 8240
4991 223
4992 5084
4993 9332
4994 1907
4995 4706
4996 5077
4997 2683
4998 6590
4999 953
5000 7053
5001 3229
5002 3338
5003 2461
5004 6531
5005 6966
5006 6795
5007 495
5008 9474
5009 4321
5010 2758
5011 1630
5012 9191
5013 8817
5014 4098
5015 8987
5016 7678
5017 7825
5018 5230
5019 1178
5020 227
5021 9978
5022 6616
5023 8978
5024 289
5025 7300
5026 9741
5027 5198
5028 2665
5029 8918
5030 2541
5031 5534
5032 7167
5033 7468
5034 3385
5035 190
5036 48
5037 9844
5038 4319
5039 1350
5040 9911
5041 1531
5042 9677
5043 5981
5044 4350
5045 1113
5046 2770
5047 3362
5048 7117
5049 9055
5050 6134
5051 6720
5052 4704
5053 6171
5054 5872
5055 8728
5056 3813
5057 1863
5058 9312
5059 4950
5060 8686
5061 6247
5062 1089
5063 1637
5064 3549
5065 6436
5066 8004
5067 8403
5068 7545
5069 4999
5070 995
5071 5235
5072 4708
5073 2267
5074 6650
5075 4569
5076 424
5077 5283
5078 9737
5079 8111
5080 31
5081 8889
5082 5200
5083 1940
5084 7125
5085 764
5086 3449
5087 885
5088 7976
5089 2171
5090 4178
5091 1608
5092 5072
5093 1950
5094 2609
5095 2620
5096 5139
5097 9642
5098 1805
5099 2922
5100 1079
5101 9901
5102 2112
5103 7550
5104 8492
5105 768
5106 1776
5107 8593
5108 125
5109 6206
5110 6414
5111 5035
5112 30
5113 9567
5114 2930
5115 2873
5116 7224
5117 7711
5118 4960
5119 4588
5120 4224
5121 7830
5122 3084
5123 4440
5124 2116
5125 23
5126 7890
5127 8418
5128 2381
5129 9955
5130 5154
5131 909
5132 1890
5133 222
5134 3967
5135 2363
5136 3716
5137 2726
5138 943
5139 6026
5140 5998
5141 725
5142 5026
5143 4864
5144 7239
5145 8212
5146 7184
5147 5209
5148 3659
5149 9478
5150 9074
5151 4727
5152 5739
5153 1229
5154 6617
5155 5554
5156 5958
5157 5050
5158 3089
5159 2207
5160 3875
5161 6380
5162 3283
5163 2425
5164 3866
5165 556
5166 4973
5167 4762
5168 4159
5169 1752
5170 1014
5171 1727
5172 2443
5173 1100
5174 1105
5175 3823
5176 1228
5177 9464
5178 6684
5179 4249
5180 9378
5181 8346
5182 8922
5183 6582
5184 4732
5185 323
5186 6035
5187 139
5188 3268
5189 5800
5190 9582
5191 9019
5192 2350
5193 4438
5194 2367
5195 8735
5196 6086
5197 2007
5198 8992
5199 7937
5200 2437
5201 7731
5202 9092
5203 3886
5204 6830
5205 7371
5206 9807
5207 3437
5208 457
5209 5633
5210 6190
5211 8769
5212 7586
5213 1842
5214 6848
5215 4492
5216 1053
5217 4166
5218 441
5219 1449
5220 5019
5221 3198
5222 7846
5223 372
5224 2812
5225 9636
5226 7580
5227 5734
5228 4437
5229 6452
5230 3415
5231 5271
5232 3847
5233 4994
5234 2859
5235 4415
5236 2705
5237 408
5238 3082
5239 2727
5240 906
5241 5607
5242 3539
5243 902
5244 7896
5245 9229
5246 3498
5247 6983
5248 8807
5249 5719
5250 8966
5251 4279
5252 2378
5253 6416
5254 8676
5255 7012
5256 1499
5257 3890
5258 3091
5259 818
5260 9694
5261 8815
5262 7655
5263 4895
5264 8087
5265 1024
5266 7203
5267 9505
5268 5686
5269 975
5270 7680
5271 1054
5272 474
5273 491
5274 6674
5275 2842
5276 8683
5277 2415
5278 9294
5279 2015
5280 290
5281 5237
5282 7806
5283 7330
5284 2878
5285 453
5286 6278
5287 9484
5288 6533
5289 3956
5290 53
5291 5354
5292 3209
5293 5884
5294 3638
5295 7490
5296 6738
5297 4164
5298 9142
5299 4418
5300 4903
5301 5882
5302 2745
5303 6520
5304 5228
5305 5097
5306 7799
5307 197
5308 7081
5309 7792
5310 1718
5311 40
5312 2690
5313 9840
5314 1468
5315 527
5316 61
5317 6449
5318 5761
5319 6881
5320 2003
5321 3497
5322 8219
5323 5752
5324 7750
5325 815
5326 2457
5327 1332
5328 8937
5329 394
5330 6935
5331 6957
5332 4468
5333 2288
5334 3722
5335 4447
5336 3388
5337 1007
5338 5548
5339 776
5340 7767
5341 168
5342 9837
5343 9813
5344 9858
5345 7950
5346 632
5347 6548
5348 319
5349 2255
5350 2453
5351 8610
5352 5717
5353 1632
5354 5722
5355 2036
5356 4435
5357 9485
5358 130
5359 7040
5360 7704
5361 2115
5362 5088
5363 1889
5364 5792
5365 1774
5366 5991
5367 882
5368 7725
5369 7865
5370 4970
5371 2468
5372 4
5373 5429
5374 5254
5375 8475
5376 9896
5377 1966
5378 781
5379 4734
5380 671
5381 7387
5382 8526
5383 2539
5384 1147
5385 3200
5386 8168
5387 6439
5388 4527
5389 2596
5390 9530
5391 84
5392 9336
5393 7898
5394 3123
5395 6288
5396 3502
5397 1838
5398 7493
5399 9206
5400 3852
5401 7856
5402 7281
5403 2342
5404 8773
5405 8578
5406 3132
5407 7199
5408 625
5409 6604
5410 434
5411 800
5412 9241
5413 2277
5414 6500
5415 5268
5416 5033
5417 6021
5418 6357
5419 439
5420 5839
5421 4730
5422 1744
5423 8608
5424 2959
5425 4502
5426 4522
5427 3471
5428 8838
5429 8536
5430 4057
5431 3320
5432 5968
5433 4505
5434 9334
5435 5469
5436 3964
5437 4819
5438 6855
5439 1544
5440 3977
5441 7766
5442 242
5443 4915
5444 9860
5445 8823
5446 8274
5447 1916
5448 6149
5449 6635
5450 3262
5451 9725
5452 4488
5453 5880
5454 2359
5455 2125
5456 2700
5457 2412
5458 8975
5459 6749
5460 4276
5461 7020
5462 6798
5463 2729
5464 7663
5465 7844
5466 1458
5467 2094
5468 6826
5469 7887
5470 9225
5471 8901
5472 1809
5473 8803
5474 1991
5475 3615
5476 1802
5477 8708
5478 833
5479 5057
5480 577
5481 9297
5482 3689
5483 232
5484 8186
5485 9173
5486 9117
5487 1587
5488 9583
5489 2902
5490 6861
5491 5159
5492 6233
5493 2152
5494 4266
5495 5337
5496 142
5497 2865
5498 3674
5499 9032
5500 6270
5501 2410
5502 3037
5503 4291
5504 8153
5505 5474
5506 8752
5507 6518
5508 3620
5509 3127
5510 1019
5511 7447
5512 7602
5513 5702
5514 6256
5515 6129
5516 5041
5517 3110
5518 2574
5519 8787
5520 2273
5521 1269
5522 7808
5523 795
5524 7807
5525 3115
5526 3999
5527 3015
5528 2543
5529 3578
5530 5738
5531 1984
5532 5263
5533 9049
5534 3370
5535 2041
5536 667
5537 9675
5538 6838
5539 984
5540 195
5541 9551
5542 4508
5543 6413
5544 6063
5545 9357
5546 2038
5547 7777
5548 6043
5549 4014
5550 3532
5551 6174
5552 5889
5553 9456
5554 8338
5555 1430
5556 1957
5557 355
5558 5102
5559 5086
5560 8972
5561 7361
5562 2421
5563 3865
5564 1605
5565 6328
5566 5013
5567 3863
5568 6286
5569 3267
5570 928
5571 9148
5572 4972
5573 204
5574 6244
5575 3556
5576 464
5577 7900
5578 1952
5579 651
5580 4205
5581 5125
5582 5805
5583 2735
5584 9270
5585 8598
5586 2397
5587 8766
5588 5332
5589 2795
5590 2246
5591 890
5592 8841
5593 1265
5594 2962
5595 8921
5596 7555
5597 5112
5598 5046
5599 1257
5600 720
5601 9167
5602 9424
5603 7758
5604 8444
5605 6094
5606 5024
5607 2768
5608 8989
5609 3246
5610 1860
5611 8365
5612 3621
5613 7064
5614 9298
5615 321
5616 4714
5617 3968
5618 9090
5619 6745
5620 6155
5621 2923
5622 7084
5623 864
5624 5721
5625 7427
5626 6481
5627 597
5628 9065
5629 2673
5630 1902
5631 1429
5632 5709
5633 3428
5634 2629
5635 7463
5636 3503
5637 9000
5638 275
5639 6383
5640 9228
5641 8656
5642 1051
5643 9280
5644 629
5645 7666
5646 5401
5647 5314
5648 4533
5649 2811
5650 5357
5651 8425
5652 989
5653 4567
5654 2376
5655 245
5656 6527
5657 182
5658 2900
5659 3336
5660 5809
5661 7396
5662 5864
5663 1795
5664 6831
5665 5098
5666 2775
5667 3763
5668 7055
5669 2791
5670 9157
5671 7673
5672 3606
5673 5059
5674 616
5675 9419
5676 3036
5677 1559
5678 8014
5679 2276
5680 6209
5681 1400
5682 1824
5683 2064
5684 1551
5685 7683
5686 673
5687 8381
5688 718
5689 7639
5690 9718
5691 3976
5692 6298
5693 9861
5694 7570
5695 3032
5696 8101
5697 999
5698 3954
5699 6923
5700 7832
5701 992
5702 682
5703 5648
5704 7873
5705 9025
5706 3511
5707 5841
5708 7171
5709 868
5710 910
5711 2662
5712 7150
5713 6906
5714 3119
5715 9009
5716 4649
5717 8557
5718 1732
5719 6396
5720 3881
5721 7634
5722 537
5723 3038
5724 3448
5725 3525
5726 9473
5727 6188
5728 9345
5729 5859
5730 1279
5731 8855
5732 1296
5733 2073
5734 2611
5735 1960
5736 3592
5737 2653
5738 7775
5739 247
5740 4792
5741 6649
5742 587
5743 7068
5744 1482
5745 8148
5746 7094
5747 747
5748 1347
5749 3921
5750 9224
5751 1072
5752 1822
5753 8911
5754 410
5755 2474
5756 5347
5757 7840
5758 6894
5759 5932
5760 1620
5761 6223
5762 2890
5763 8783
5764 7522
5765 9650
5766 3179
5767 9038
5768 6099
5769 9164
5770 8891
5771 9727
5772 2113
5773 3640
5774 9091
5775 7262
5776 9031
5777 4797
5778 737
5779 3335
5780 748
5781 4256
5782 6899
5783 9070
5784 8180
5785 1197
5786 2394
5787 1068
5788 6221
5789 9774
5790 4237
5791 2740
5792 3328
5793 9740
5794 1765
5795 9576
5796 4264
5797 9887
5798 4536
5799 6864
5800 2957
5801 2742
5802 9201
5803 7615
5804 6740
5805 1751
5806 702
5807 9441
5808 2374
5809 9949
5810 35
5811 8527
5812 8802
5813 8481
5814 2300
5815 6349
5816 9327
5817 3351
5818 8373
5819 9402
5820 2230
5821 8375
5822 4624
5823 6537
5824 1705
5825 2141
5826 1793
5827 2199
5828 8732
5829 7436
5830 2023
5831 4093
5832 6158
5833 6313
5834 5936
5835 6399
5836 4808
5837 865
5838 2995
5839 8916
5840 8303
5841 2072
5842 1597
5843 2401
5844 5683
5845 5372
5846 8059
5847 3213
5848 2780
5849 2557
5850 2249
5851 5300
5852 8870
5853 1670
5854 3020
5855 6443
5856 8457
5857 3857
5858 6732
5859 539
5860 4026
5861 5109
5862 9986
5863 6069
5864 8824
5865 6261
5866 8056
5867 6283
5868 6877
5869 7465
5870 2849
5871 1934
5872 7607
5873 4108
5874 8559
5875 6891
5876 6128
5877 1692
5878 2864
5879 7036
5880 5241
5881 7037
5882 4084
5883 9096
5884 4352
5885 1980
5886 2619
5887 315
5888 9295
5889 8328
5890 5405
5891 6
5892 2896
5893 9177
5894 4745
5895 7420
5896 7961
5897 1922
5898 1270
5899 3296
5900 114
5901 5444
5902 1949
5903 7516
5904 3563
5905 472
5906 2989
5907 2559
5908 8674
5909 414
5910 8818
5911 3048
5912 8176
5913 7009
5914 1456
5915 423
5916 6858
5917 4551
5918 8390
5919 2347
5920 5326
5921 4359
5922 2029
5923 6691
5924 4990
5925 3380
5926 1885
5927 1416
5928 8441
5929 4403
5930 494
5931 6641
5932 5416
5933 9005
5934 9600
5935 1103
5936 2747
5937 3819
5938 8385
5939 692
5940 4799
5941 585
5942 4227
5943 8705
5944 8116
5945 2452
5946 7502
5947 3775
5948 4626
5949 6114
5950 851
5951 6491
5952 8585
5953 3519
5954 6245
5955 1106
5956 2508
5957 4557
5958 2709
5959 6259
5960 9221
5961 72
5962 4483
5963 7728
5964 429
5965 3942
5966 6772
5967 876
5968 3586
5969 6555
5970 169
5971 4030
5972 2822
5973 6921
5974 4984
5975 2142
5976 3006
5977 4072
5978 9322
5979 4666
5980 4427
5981 1058
5982 4175
5983 2146
5984 8983
5985 9663
5986 6428
5987 8284
5988 9465
5989 7708
5990 2593
5991 8664
5992 5113
5993 7179
5994 4770
5995 5114
5996 131
5997 1645
5998 5150
5999 8785
6000 91
6001 749
6002 6762
6003 2981
6004 5397
6005 5127
6006 1164
6007 4857
6008 3383
6009 5555
6010 7579
6011 1958
6012 9516
6013 9649
6014 3836
6015 9616
6016 6978
6017 9769
6018 7720
6019 8051
6020 5748
6021 7398
6022 2087
6023 2671
6024 1653
6025 9643
6026 9543
6027 8499
6028 3137
6029 3529
6030 6231
6031 4694
6032 3501
6033 6593
6034 7670
6035 4241
6036 9575
6037 6064
6038 5282
6039 9848
6040 3220
6041 9804
6042 3414
6043 9864
6044 4942
6045 653
6046 3632
6047 7267
6048 7202
6049 9836
6050 9283
6051 6905
6052 5348
6053 1154
6054 7289
6055 9909
6056 7559
6057 628
6058 4347
6059 9825
6060 4489
6061 5701
6062 2373
6063 8541
6064 2320
6065 4526
6066 5382
6067 3334
6068 159
6069 6030
6070 3931
6071 4664
6072 6823
6073 3204
6074 5563
6075 4333
6076 413
6077 9709
6078 2150
6079 460
6080 8370
6081 2527
6082 816
6083 8630
6084 6323
6085 7015
6086 677
6087 6521
6088 1626
6089 6305
6090 555
6091 4737
6092 9133
6093 9416
6094 9948
6095 1341
6096 7993
6097 6448
6098 358
6099 612
6100 665
6101 4763
6102 5090
6103 107
6104 5180
6105 9126
6106 7954
6107 523
6108 7735
6109 4524
6110 4736
6111 3624
6112 9202
6113 1731
6114 4258
6115 8544
6116 8507
6117 1293
6118 8731
6119 889
6120 9526
6121 1371
6122 6394
6123 784
6124 8714
6125 7919
6126 5708
6127 3436
6128 5736
6129 7910
6130 9925
6131 7229
6132 1500
6133 9775
6134 7339
6135 8812
6136 8238
6137 9447
6138 9572
6139 2108
6140 3808
6141 2847
6142 7958
6143 1419
6144 4780
6145 1905
6146 4913
6147 9367
6148 6022
6149 9426
6150 1819
6151 4534
6152 2901
6153 1306
6154 1615
6155 583
6156 9987
6157 753
6158 7098
6159 2271
6160 2341
6161 1562
6162 7785
6163 4625
6164 479
6165 4244
6166 8637
6167 5415
6168 3124
6169 6212
6170 6440
6171 2128
6172 3454
6173 7137
6174 7659
6175 8519
6176 1303
6177 4103
6178 1246
6179 3934
6180 6847
6181 4453
6182 5121
6183 6424
6184 4906
6185 5670
6186 9589
6187 456
6188 7352
6189 1174
6190 5048
6191 2301
6192 1409
6193 5379
6194 5108
6195 966
6196 8816
6197 7535
6198 2796
6199 258
6200 7988
6201 5226
6202 1384
6203 4574
6204 1945
6205 8834
6206 6920
6207 6844
6208 5450
6209 645
6210 679
6211 8809
6212 1661
6213 9874
6214 6584
6215 8163
6216 2942
6217 7933
6218 8292
6219 7074
6220 6348
6221 7180
6222 7445
6223 4968
6224 757
6225 1647
6226 6884
6227 1243
6228 4386
6229 1906
6230 1104
6231 4293
6232 9662
6233 913
6234 9695
6235 4228
6236 2948
6237 9912
6238 8037
6239 3133
6240 7388
6241 4578
6242 9196
6243 9715
6244 7528
6245 7723
6246 448
6247 6904
6248 4035
6249 4008
6250 1447
6251 4756
6252 515
6253 9380
6254 2932
6255 4206
6256 1575
6257 1717
6258 6404
6259 5260
6260 8779
6261 1834
6262 4105
6263 8158
6264 7119
6265 8792
6266 1961
6267 7590
6268 5517
6269 2892
6270 3126
6271 6624
6272 8223
6273 3825
6274 2473
6275 4875
6276 8696
6277 5015
6278 4275
6279 4836
6280 5424
6281 6856
6282 8596
6283 9338
6284 6381
6285 9883
6286 5772
6287 5767
6288 5380
6289 7230
6290 5697
6291 5511
6292 7265
6293 6951
6294 305
6295 17
6296 6154
6297 5186
6298 2798
6299 7372
6300 9958
6301 2601
6302 7608
6303 9366
6304 5577
6305 6817
6306 8692
6307 7148
6308 933
6309 860
6310 5312
6311 330
6312 7955
6313 4853
6314 9496
6315 8713
6316 6479
6317 438
6318 2605
6319 4921
6320 7597
6321 293
6322 9187
6323 8139
6324 5873
6325 2123
6326 8575
6327 8309
6328 3667
6329 9738
6330 5550
6331 4077
6332 5451
6333 1190
6334 733
6335 8335
6336 2687
6337 7944
6338 8162
6339 4017
6340 8422
6341 7075
6342 2013
6343 4216
6344 2767
6345 7826
6346 8131
6347 1569
6348 6692
6349 66
6350 8653
6351 3634
6352 8624
6353 1946
6354 8267
6355 322
6356 5927
6357 7186
6358 303
6359 5322
6360 9573
6361 6596
6362 8609
6363 5626
6364 3908
6365 3848
6366 1492
6367 1145
6368 8680
6369 5746
6370 4854
6371 5582
6372 7520
6373 9845
6374 6669
6375 7578
6376 9159
6377 1287
6378 2914
6379 5546
6380 5276
6381 8576
6382 1290
6383 8797
6384 7348
6385 6676
6386 5875
6387 918
6388 163
6389 8347
6390 6529
6391 1713
6392 7585
6393 1843
6394 7134
6395 5489
6396 5484
6397 1530
6398 5202
6399 3914
6400 67
6401 7195
6402 7742
6403 7192
6404 7587
6405 4541
6406 4010
6407 9350
6408 1859
6409 3753
6410 9317
6411 3274
6412 6232
6413 4040
6414 1118
6415 2012
6416 426
6417 6391
6418 6013
6419 6009
6420 4285
6421 9781
6422 693
6423 7237
6424 9648
6425 1220
6426 2821
6427 3488
6428 6101
6429 4611
6430 1729
6431 9372
6432 8915
6433 6260
6434 2646
6435 4547
6436 6517
6437 6700
6438 9951
6439 5951
6440 8015
6441 6483
6442 1321
6443 855
6444 3839
6445 5151
6446 8203
6447 2162
6448 6578
6449 6609
6450 4542
6451 3749
6452 2793
6453 9450
6454 9644
6455 2722
6456 9217
6457 7902
6458 8573
6459 5295
6460 6958
6461 3787
6462 6325
6463 9923
6464 4781
6465 9477
6466 2816
6467 9541
6468 3513
6469 5259
6470 560
6471 2364
6472 471
6473 7211
6474 5802
6475 4162
6476 8090
6477 2685
6478 5023
6479 300
6480 3044
6481 6868
6482 4640
6483 1858
6484 4982
6485 2525
6486 9778
6487 4672
6488 4053
6489 2
6490 9374
6491 381
6492 8757
6493 9176
6494 974
6495 7482
6496 8442
6497 3961
6498 3094
6499 1804
6500 8789
6501 8709
6502 1640
6503 210
6504 4936
6505 5999
6506 4589
6507 5470
6508 7537
6509 9631
6510 4173
6511 7266
6512 7225
6513 2020
6514 216
6515 634
6516 2371
6517 2656
6518 9556
6519 7473
6520 6701
6521 5179
6522 7644
6523 399
6524 9305
6525 9192
6526 3180
6527 3982
6528 4369
6529 5262
6530 1652
6531 8314
6532 5494
6533 8118
6534 2577
6535 2846
6536 9214
6537 6824
6538 9132
6539 217
6540 5340
6541 1152
6542 1372
6543 8734
6544 783
6545 4202
6546 6249
6547 2106
6548 7450
6549 5468
6550 203
6551 8259
6552 738
6553 6475
6554 1301
6555 4480
6556 1568
6557 9405
6558 3593
6559 5949
6560 5585
6561 1465
6562 7071
6563 5940
6564 1935
6565 5193
6566 7841
6567 7111
6568 7682
6569 916
6570 2955
6571 9954
6572 8594
6573 8439
6574 2698
6575 5838
6576 8232
6577 607
6578 1003
6579 1826
6580 9795
6581 351
6582 761
6583 979
6584 129
6585 7005
6586 1304
6587 4503
6588 6423
6589 3581
6590 2716
6591 9045
6592 6612
6593 9957
6594 1080
6595 4487
6596 3439
6597 5976
6598 7566
6599 7351
6600 5047
6601 68
6602 7466
6603 3033
6604 33
6605 6680
6606 9212
6607 4980
6608 1167
6609 8764
6610 3770
6611 9139
6612 5843
6613 9560
6614 6072
6615 4499
6616 6127
6617 1308
6618 4877
6619 5891
6620 6103
6621 221
6622 421
6623 4061
6624 5603
6625 6760
6626 1788
6627 5995
6628 7736
6629 7603
6630 4497
6631 3802
6632 449
6633 3939
6634 3822
6635 9973
6636 2826
6637 6513
6638 6510
6639 7591
6640 5604
6641 508
6642 124
6643 8847
6644 4432
6645 3962
6646 6420
6647 7157
6648 5870
6649 3443
6650 7642
6651 4912
6652 9307
6653 3554
6654 6754
6655 4880
6656 5096
6657 5182
6658 7228
6659 2545
6660 3087
6661 2355
6662 1459
6663 9391
6664 459
6665 3647
6666 6915
6667 1772
6668 5989
6669 2164
6670 5206
6671 8546
6672 9463
6673 256
6674 5075
6675 6879
6676 6677
6677 3231
6678 760
6679 6425
6680 1491
6681 3669
6682 2375
6683 8202
6684 5978
6685 1515
6686 4087
6687 2540
6688 8652
6689 9050
6690 7690
6691 7628
6692 2139
6693 1461
6694 7257
6695 4334
6696 3739
6697 6497
6698 8991
6699 6810
6700 9728
6701 2566
6702 2311
6703 6995
6704 9782
6705 6433
6706 3693
6707 8138
6708 2291
6709 9772
6710 1328
6711 9767
6712 9936
6713 5426
6714 1248
6715 2492
6716 2581
6717 7408
6718 2047
6719 3935
6720 6602
6721 6377
6722 8119
6723 4597
6724 2870
6725 7866
6726 7259
6727 4702
6728 772
6729 9258
6730 2519
6731 8568
6732 1974
6733 2241
6734 3818
6735 3913
6736 3228
6737 241
6738 9342
6739 1628
6740 7542
6741 1425
6742 9080
6743 3001
6744 3984
6745 6112
6746 7128
6747 9321
6748 5183
6749 3419
6750 3321
6751 2970
6752 6687
6753 2876
6754 1992
6755 3264
6756 3435
6757 3735
6758 4378
6759 8844
6760 533
6761 5294
6762 9195
6763 9927
6764 6765
6765 7621
6766 9531
6767 7433
6768 7317
6769 4158
6770 4874
6771 8962
6772 9207
6773 8175
6774 9692
6775 9908
6776 3496
6777 1750
6778 2938
6779 611
6780 2337
6781 1278
6782 594
6783 3811
6784 4436
6785 255
6786 8494
6787 3524
6788 9890
6789 7897
6790 5094
6791 3610
6792 4733
6793 5730
6794 2435
6795 6952
6796 972
6797 4558
6798 4918
6799 9985
6800 6543
6801 958
6802 7692
6803 8324
6804 1962
6805 3053
6806 4370
6807 1280
6808 1448
6809 1317
6810 1883
6811 9276
6812 7632
6813 4123
6814 3637
6815 89
6816 8689
6817 2283
6818 9393
6819 3635
6820 7802
6821 6300
6822 6315
6823 7842
6824 8039
6825 3191
6826 3162
6827 7740
6828 7477
6829 8801
6830 5987
6831 8677
6832 1241
6833 1998
6834 8888
6835 8649
6836 9524
6837 2958
6838 6931
6839 7130
6840 3729
6841 8727
6842 5293
6843 801
6844 9842
6845 5667
6846 8939
6847 8374
6848 8340
6849 7032
6850 9806
6851 9943
6852 5725
6853 690
6854 2091
6855 8412
6856 9621
6857 6222
6858 1616
6859 1256
6860 4823
6861 7701
6862 4943
6863 1314
6864 7812
6865 5829
6866 8679
6867 7133
6868 4331
6869 4504
6870 3872
6871 2082
6872 5160
6873 5463
6874 2470
6875 7459
6876 3509
6877 922
6878 4109
6879 1083
6880 5318
6881 6339
6882 9390
6883 288
6884 1388
6885 1029
6886 6673
6887 7359
6888 4901
6889 6565
6890 7713
6891 8257
6892 3254
6893 5399
6894 9205
6895 5652
6896 1734
6897 6752
6898 8283
6899 8376
6900 2105
6901 3558
6902 2832
6903 1545
6904 8043
6905 3911
6906 8012
6907 661
6908 6606
6909 5599
6910 759
6911 8639
6912 37
6913 6151
6914 3332
6915 8919
6916 8300
6917 7007
6918 7648
6919 4270
6920 7889
6921 1740
6922 4575
6923 7973
6924 8767
6925 9256
6926 4598
6927 3795
6928 543
6929 2293
6930 4423
6931 8528
6932 6100
6933 3141
6934 954
6935 6435
6936 7154
6937 3734
6938 3077
6939 5646
6940 9434
6941 2660
6942 6549
6943 9988
6944 7183
6945 8602
6946 3752
6947 874
6948 243
6949 646
6950 8415
6951 6728
6952 8899
6953 1070
6954 1786
6955 7852
6956 9210
6957 7538
6958 2523
6959 6140
6960 7379
6961 7041
6962 4703
6963 8675
6964 9439
6965 7816
6966 4620
6967 7674
6968 179
6969 5972
6970 7761
6971 3701
6972 5501
6973 9493
6974 9617
6975 3895
6976 4701
6977 6664
6978 4933
6979 3042
6980 1008
6981 51
6982 3306
6983 6327
6984 686
6985 734
6986 5455
6987 6071
6988 137
6989 1971
6990 9286
6991 3506
6992 2471
6993 4165
6994 7623
6995 6036
6996 8456
6997 3003
6998 8850
6999 9435
7000 7158
7001 2825
7002 8103
7003 877
7004 9262
7005 5783
7006 5587
7007 5503
7008 4233
7009 3522
7010 1501
7011 9341
7012 7643
7013 8828
7014 8604
7015 9182
7016 8952
7017 5964
7018 6551
7019 9497
7020 1477
7021 9910
7022 602
7023 6671
7024 7102
7025 6136
7026 9684
7027 1422
7028 44
7029 2334
7030 8958
7031 2794
7032 5608
7033 7703
7034 3134
7035 997
7036 8187
7037 6777
7038 3025
7039 6990
7040 1251
7041 5547
7042 8865
7043 8280
7044 2137
7045 9016
7046 1619
7047 5319
7048 3925
7049 568
7050 2760
7051 8200
7052 5346
7053 385
7054 2854
7055 4531
7056 2126
7057 2750
7058 1798
7059 2014
7060 9204
7061 9156
7062 5246
7063 6363
7064 3161
7065 9540
7066 7342
7067 9097
7068 2844
7069 4988
7070 9021
7071 6356
7072 8205
7073 9365
7074 4671
7075 9645
7076 6813
7077 2669
7078 9511
7079 4148
7080 9586
7081 7948
7082 2329
7083 6461
7084 8082
7085 3237
7086 6718
7087 2785
7088 496
7089 4251
7090 6285
7091 6385
7092 6450
7093 6093
7094 6028
7095 7027
7096 6451
7097 6614
7098 4353
7099 1505
7100 4332
7101 9733
7102 998
7103 2684
7104 9550
7105 960
7106 6070
7107 7390
7108 7618
7109 9257
7110 1353
7111 4907
7112 9686
7113 7405
7114 4600
7115 1048
7116 2799
7117 3602
7118 1541
7119 7515
7120 2497
7121 5744
7122 3354
7123 8632
7124 5600
7125 6648
7126 3607
7127 1380
7128 4500
7129 6354
7130 4320
7131 9385
7132 7853
7133 9452
7134 5538
7135 7982
7136 9937
7137 7206
7138 2272
7139 1985
7140 6575
7141 2944
7142 8895
7143 7797
7144 6074
7145 6936
7146 208
7147 4579
7148 9717
7149 9481
7150 7149
7151 9462
7152 7382
7153 9827
7154 8776
7155 4650
7156 3970
7157 8034
7158 4253
7159 1242
7160 4102
7161 627
7162 5997
7163 3994
7164 3702
7165 337
7166 9250
7167 4555
7168 6167
7169 4473
7170 8060
7171 1214
7172 6572
7173 152
7174 8230
7175 5178
7176 7946
7177 7995
7178 3952
7179 9707
7180 9683
7181 7251
7182 7860
7183 8981
7184 7918
7185 7118
7186 8126
7187 7058
7188 5775
7189 9960
7190 8864
7191 780
7192 3377
7193 9099
7194 2801
7195 3208
7196 1506
7197 7165
7198 2831
7199 553
7200 9377
7201 6294
7202 4680
7203 3793
7204 559
7205 1723
7206 942
7207 4218
7208 687
7209 8020
7210 6066
7211 5221
7212 9304
7213 145
7214 5472
7215 486
7216 8334
7217 3233
7218 8582
7219 246
7220 2639
7221 3655
7222 5403
7223 5955
7224 3455
7225 4898
7226 6130
7227 7562
7228 3746
7229 7895
7230 4860
7231 4637
7232 7395
7233 2268
7234 473
7235 39
7236 2238
7237 5106
7238 4926
7239 6791
7240 3641
7241 7483
7242 5217
7243 4222
7244 8038
7245 9963
7246 7326
7247 4031
7248 7087
7249 2107
7250 6084
7251 8266
7252 4345
7253 6833
7254 5499
7255 6037
7256 4441
7257 4889
7258 5240
7259 4154
7260 8392
7261 4156
7262 9060
7263 6507
7264 2037
7265 7164
7266 7994
7267 7986
7268 8697
7269 8917
7270 14
7271 5390
7272 2829
7273 5087
7274 5528
7275 5335
7276 4111
7277 9265
7278 7121
7279 7400
7280 1612
7281 2153
7282 7324
7283 1981
7284 7226
7285 8786
7286 6960
7287 3531
7288 5365
7289 3400
7290 8320
7291 845
7292 5543
7293 2439
7294 7246
7295 7870
7296 949
7297 6665
7298 7135
7299 9110
7300 1925
7301 8498
7302 701
7303 6341
7304 99
7305 4976
7306 5264
7307 5385
7308 1344
7309 9144
7310 4230
7311 1227
7312 59
7313 2279
7314 8703
7315 229
7316 4339
7317 8540
7318 8130
7319 3318
7320 3707
7321 8936
7322 9030
7323 5142
7324 3372
7325 7325
7326 5814
7327 857
7328 4803
7329 1171
7330 6987
7331 7640
7332 7795
7333 2210
7334 1602
7335 3755
7336 7916
7337 8222
7338 6055
7339 6097
7340 6347
7341 9112
7342 1953
7343 4577
7344 9381
7345 2600
7346 6255
7347 6012
7348 1451
7349 4243
7350 7532
7351 6195
7352 3376
7353 6322
7354 427
7355 5064
7356 1584
7357 5227
7358 8478
7359 6161
7360 8986
7361 8445
7362 5881
7363 8081
7364 8651
7365 706
7366 6933
7367 1675
7368 2445
7369 8110
7370 9165
7371 12
7372 2451
7373 9940
7374 8906
7375 484
7376 8706
7377 8182
7378 3314
7379 8147
7380 1326
7381 6689
7382 2263
7383 6482
7384 1038
7385 4608
7386 1427
7387 4826
7388 2178
7389 9784
7390 4795
7391 5189
7392 680
7393 3013
7394 2335
7395 5002
7396 3676
7397 5560
7398 4959
7399 2070
7400 8883
7401 5056
7402 7824
7403 5265
7404 740
7405 3773
7406 4784
7407 7060
7408 2469
7409 118
7410 5302
7411 3071
7412 9702
7413 6964
7414 4181
7415 6194
7416 3505
7417 3950
7418 9
7419 2907
7420 4825
7421 5640
7422 5579
7423 3656
7424 2416
7425 3051
7426 2630
7427 9226
7428 9073
7429 5131
7430 4837
7431 1782
7432 4315
7433 6344
7434 7403
7435 3345
7436 7706
7437 176
7438 620
7439 1524
7440 9609
7441 5421
7442 9339
7443 1882
7444 1452
7445 1198
7446 7874
7447 5215
7448 1022
7449 2310
7450 4831
7451 7857
7452 3210
7453 488
7454 1474
7455 5705
7456 2018
7457 2696
7458 8501
7459 5994
7460 775
7461 4519
7462 5387
7463 301
7464 6580
7465 550
7466 3562
7467 4200
7468 604
7469 4512
7470 1983
7471 3611
7472 5795
7473 7963
7474 4199
7475 4979
7476 2633
7477 5060
7478 8304
7479 7772
7480 3358
7481 9183
7482 5301
7483 64
7484 6805
7485 6730
7486 102
7487 3692
7488 5433
7489 4476
7490 2641
7491 5861
7492 3724
7493 4064
7494 2391
7495 1052
7496 279
7497 8647
7498 7790
7499 2051
7500 6295
7501 9086
7502 9457
7503 8810
7504 5229
7505 7073
7506 2261
7507 2866
7508 3714
7509 9797
7510 5079
7511 2054
7512 9303
7513 4110
7514 1155
7515 8252
7516 3451
7517 8814
7518 7298
7519 4348
7520 352
7521 545
7522 3643
7523 4357
7524 5614
7525 3421
7526 6882
7527 6867
7528 9950
7529 2784
7530 4659
7531 4282
7532 2044
7533 2069
7534 8531
7535 5634
7536 2748
7537 8929
7538 5831
7539 4203
7540 3075
7541 5786
7542 134
7543 1593
7544 8486
7545 405
7546 5847
7547 7357
7548 8181
7549 1823
7550 5934
7551 5089
7552 1392
7553 5310
7554 4412
7555 1208
7556 9932
7557 8900
7558 2155
7559 9472
7560 4833
7561 4616
7562 1191
7563 187
7564 8255
7565 6411
7566 4309
7567 4544
7568 5726
7569 1595
7570 9614
7571 194
7572 654
7573 2546
7574 9703
7575 9004
7576 931
7577 5675
7578 2856
7579 8657
7580 4560
7581 9461
7582 2058
7583 711
7584 7569
7585 963
7586 7686
7587 6919
7588 7475
7589 2858
7590 1780
7591 5021
7592 4964
7593 1203
7594 1135
7595 7381
7596 8297
7597 2594
7598 3782
7599 3814
7600 3604
7601 2408
7602 9014
7603 3031
7604 8863
7605 5980
7606 9184
7607 2804
7608 5513
7609 1579
7610 7886
7611 2287
7612 1020
7613 402
7614 6654
7615 6875
7616 5329
7617 3868
7618 1712
7619 9665
7620 5034
7621 2608
7622 7768
7623 5759
7624 9619
7625 7894
7626 70
7627 8062
7628 6897
7629 1134
7630 430
7631 2134
7632 271
7633 5339
7634 7038
7635 4863
7636 5309
7637 7733
7638 8704
7639 5485
7640 6237
7641 505
7642 7431
7643 8626
7644 7757
7645 6850
7646 1736
7647 8913
7648 6962
7649 9623
7650 4384
7651 4198
7652 3135
7653 5755
7654 2680
7655 2169
7656 8047
7657 21
7658 6733
7659 3169
7660 3315
7661 5408
7662 1028
7663 8291
7664 2769
7665 3199
7666 8729
7667 1379
7668 3182
7669 7694
7670 1937
7671 3043
7672 6374
7673 1604
7674 519
7675 7592
7676 7446
7677 9018
7678 624
7679 4292
7680 2465
7681 4997
7682 5168
7683 199
7684 7294
7685 6023
7686 8550
7687 631
7688 1330
7689 6611
7690 5225
7691 4431
7692 3589
7693 5431
7694 6467
7695 994
7696 8109
7697 4286
7698 8832
7699 2194
7700 3514
7701 8904
7702 2569
7703 1129
7704 1
7705 4085
7706 6955
7707 750
7708 2179
7709 9500
7710 7915
7711 5071
7712 3130
7713 5619
7714 9098
7715 570
7716 7599
7717 7322
7718 4785
7719 7577
7720 8590
7721 3269
7722 5973
7723 3090
7724 1886
7725 3466
7726 6736
7727 3527
7728 5615
7729 4987
7730 7047
7731 9498
7732 2707
7733 2077
7734 3009
7735 3840
7736 1746
7737 3686
7738 446
7739 46
7740 8685
7741 8146
7742 2009
7743 7278
7744 5375
7745 4419
7746 9661
7747 2528
7748 4546
7749 2156
7750 7975
7751 4932
7752 1857
7753 3365
7754 9233
7755 8758
7756 3485
7757 4195
7758 6574
7759 3679
7760 1877
7761 957
7762 3447
7763 1063
7764 316
7765 5565
7766 9597
7767 1614
7768 2925
7769 8687
7770 8298
7771 8466
7772 8560
7773 5471
7774 6985
7775 6993
7776 1002
7777 7784
7778 1231
7779 8016
7780 2987
7781 8806
7782 5688
7783 9657
7784 6318
7785 3630
7786 8315
7787 22
7788 1075
7789 729
7790 5138
7791 345
7792 1466
7793 709
7794 3772
7795 2840
7796 744
7797 2369
7798 8898
7799 5768
7800 873
7801 4628
7802 8754
7803 4461
7804 4097
7805 6731
7806 9417
7807 5952
7808 5836
7809 4139
7810 2075
7811 5210
7812 7601
7813 9904
7814 1685
7815 425
7816 1374
7817 9877
7818 8401
7819 4645
7820 7272
7821 6685
7822 4313
7823 1942
7824 1767
7825 8586
7826 7392
7827 9122
7828 4310
7829 1923
7830 3777
7831 8332
7832 9056
7833 2720
7834 6705
7835 9483
7836 2050
7837 2591
7838 4716
7839 8830
7840 5622
7841 3898
7842 8994
7843 3572
7844 941
7845 3622
7846 2396
7847 9234
7848 6763
7849 2992
7850 4824
7851 8076
7852 6061
7853 4118
7854 2055
7855 8085
7856 3058
7857 5636
7858 3055
7859 7144
7860 3225
7861 7989
7862 6888
7863 7126
7864 5425
7865 3520
7866 7429
7867 3128
7868 8249
7869 678
7870 9768
7871 3252
7872 809
7873 7252
7874 4778
7875 7063
7876 2045
7877 1450
7878 9136
7879 4777
7880 1995
7881 3103
7882 1625
7883 8884
7884 7983
7885 2583
7886 6570
7887 7513
7888 811
7889 3662
7890 3537
7891 3765
7892 8880
7893 5255
7894 6468
7895 9012
7896 6402
7897 5540
7898 2286
7899 2149
7900 9059
7901 1719
7902 6595
7903 6811
7904 132
7905 9856
7906 5562
7907 9237
7908 4106
7909 8912
7910 3575
7911 3027
7912 3105
7913 7627
7914 1678
7915 5535
7916 6603
7917 3490
7918 2706
7919 6445
7920 357
7921 779
7922 3258
7923 536
7924 4585
7925 8691
7926 1577
7927 4923
7928 5482
7929 3901
7930 6961
7931 9508
7932 4056
7933 9521
7934 2180
7935 3382
7936 9598
7937 8058
7938 7362
7939 1521
7940 8345
7941 2482
7942 3402
7943 2585
7944 8179
7945 1650
7946 8032
7947 3112
7948 7284
7949 2303
7950 5456
7951 171
7952 6466
7953 6032
7954 557
7955 1237
7956 7959
7957 7884
7958 1973
7959 4520
7960 4406
7961 7169
7962 5606
7963 1490
7964 7449
7965 1475
7966 9364
7967 1165
7968 376
7969 6815
7970 1913
7971 5073
7972 5196
7973 1766
7974 7373
7975 2997
7976 6797
7977 5377
7978 4096
7979 200
7980 4397
7981 5467
7982 1737
7983 6489
7984 2067
7985 2514
7986 4009
7987 9961
7988 3661
7989 7702
7990 6837
7991 8275
7992 5617
7993 9087
7994 458
7995 3278
7996 9460
7997 5006
7998 238
7999 1390
8000 8285
8001 4183
8002 5224
8003 1195
8004 2904
8005 3530
8006 923
8007 2749
8008 1538
8009 4409
8010 2937
8011 3148
8012 1667
8013 5004
8014 3301
8015 7407
8016 8642
8017 218
8018 1302
8019 3244
8020 7662
8021 1319
8022 1911
8023 191
8024 1169
8025 5133
8026 3566
8027 7143
8028 9290
8029 9103
8030 5238
8031 7521
8032 6189
8033 9507
8034 3794
8035 7340
8036 3280
8037 3156
8038 8185
8039 3392
8040 2975
8041 8305
8042 6077
8043 8407
8044 8258
8045 6133
8046 939
8047 8878
8048 6803
8049 7617
8050 1768
8051 1673
8052 7096
8053 728
8054 3826
8055 9699
8056 4153
8057 5192
8058 1172
8059 5612
8060 1277
8061 5315
8062 1305
8063 2561
8064 6041
8065 3438
8066 704
8067 9834
8068 1573
8069 127
8070 2307
8071 2818
8072 3523
8073 2830
8074 1146
8075 6683
8076 8025
8077 3706
8078 5216
8079 1516
8080 9561
8081 4342
8082 1131
8083 4876
8084 5584
8085 5460
8086 6667
8087 6801
8088 7457
8089 879
8090 6296
8091 3728
8092 9835
8093 2934
8094 8566
8095 1642
8096 3891
8097 9536
8098 339
8099 1479
8100 8271
8101 6253
8102 1665
8103 2505
8104 9729
8105 6631
8106 991
8107 6928
8108 8410
8109 2638
8110 7868
8111 9379
8112 3534
8113 886
8114 7877
8115 136
8116 5126
8117 2479
8118 4698
8119 8941
8120 9246
8121 6872
8122 4167
8123 8493
8124 5496
8125 4610
8126 6053
8127 8562
8128 8510
8129 1679
8130 8414
8131 1398
8132 8831
8133 799
8134 7320
8135 3820
8136 5052
8137 4362
8138 1050
8139 15
8140 6068
8141 8702
8142 9397
8143 9798
8144 2691
8145 3745
8146 3533
8147 8437
8148 5067
8149 8045
8150 1185
8151 4054
8152 5830
8153 1909
8154 3434
8155 7321
8156 3098
8157 3095
8158 257
8159 8463
8160 8725
8161 6836
8162 272
8163 9849
8164 7299
8165 9024
8166 7069
8167 2021
8168 5360
8169 3550
8170 5448
8171 1435
8172 5598
8173 3184
8174 5704
8175 5519
8176 4812
8177 6172
8178 6896
8179 7441
8180 8010
8181 4786
8182 3567
8183 7600
8184 6997
8185 8876
8186 5572
8187 3114
8188 2672
8189 4385
8190 2500
8191 1411
8192 4981
8193 3780
8194 2714
8195 9680
8196 5983
8197 1592
8198 7263
8199 9407
8200 2046
8201 2637
8202 4621
8203 7734
8204 5915
8205 367
8206 1442
8207 6989
8208 4925
8209 7105
8210 5727
8211 7440
8212 2504
8213 1931
8214 6412
8215 490
8216 4129
8217 7335
8218 9800
8219 1797
8220 6046
8221 5404
8222 1572
8223 5010
8224 97
8225 3515
8226 3877
8227 7922
8228 2909
8229 2603
8230 9777
8231 9358
8232 7100
8233 6110
8234 6150
8235 8661
8236 3164
8237 869
8238 122
8239 3216
8240 6756
8241 3841
8242 969
8243 1880
8244 9168
8245 5014
8246 4005
8247 1636
8248 3047
8249 7710
8250 1660
8251 8244
8252 4910
8253 962
8254 2203
8255 3242
8256 6173
8257 2214
8258 9398
8259 2977
8260 7238
8261 8246
8262 5452
8263 3408
8264 6240
8265 1488
8266 8688
8267 5663
8268 9289
8269 771
8270 1110
8271 4862
8272 2302
8273 1542
8274 1156
8275 861
8276 7510
8277 4268
8278 965
8279 1599
8280 5110
8281 1812
8282 2366
8283 2360
8284 3507
8285 4888
8286 6098
8287 57
8288 1611
8289 5435
8290 4225
8291 6660
8292 9814
8293 4426
8294 9895
8295 6862
8296 2647
8297 2867
8298 6642
8299 2917
8300 2384
8301 4322
8302 2985
8303 7503
8304 7270
8305 7333
8306 4263
8307 1186
8308 7039
8309 3645
8310 9048
8311 5757
8312 3158
8313 7656
8314 6303
8315 7220
8316 9565
8317 9557
8318 7175
8319 9894
8320 2996
8321 7413
8322 955
8323 5567
8324 7612
8325 5609
8326 3521
8327 5624
8328 9479
8329 6618
8330 4735
8331 7744
8332 2511
8333 7401
8334 1578
8335 2455
8336 3079
8337 4324
8338 1664
8339 2841
8340 9442
8341 6280
8342 1898
8343 8406
8344 1709
8345 5928
8346 7548
8347 5141
8348 5287
8349 6015
8350 8721
8351 7845
8352 143
8353 7756
8354 3468
8355 1695
8356 2640
8357 82
8358 8927
8359 6165
8360 9620
8361 4252
8362 9064
8363 8877
8364 0
8365 7399
8366 1309
8367 3181
8368 6742
8369 4080
8370 9216
8371 9722
8372 3628
8373 2104
8374 4537
8375 5284
8376 2135
8377 8606
8378 9444
8379 5527
8380 198
8381 8655
8382 4929
8383 6353
8384 1702
8385 6429
8386 8322
8387 9101
8388 7147
8389 6126
8390 2083
8391 7328
8392 4168
8393 1689
8394 6818
8395 9571
8396 3712
8397 4514
8398 9615
8399 7028
8400 7695
8401 3390
8402 4743
8403 4246
8404 5982
8405 5677
8406 2243
8407 8157
8408 9273
8409 8597
8410 465
8411 2423
8412 4365
8413 5751
8414 509
8415 603
8416 773
8417 7789
8418 1527
8419 9580
8420 4117
8421 8699
8422 1357
8423 3646
8424 5219
8425 8589
8426 2675
8427 8426
8428 4884
8429 3072
8430 6841
8431 4873
8432 2764
8433 8798
8434 7370
8435 7508
8436 9203
8437 7244
8438 4594
8439 9449
8440 8508
8441 9535
8442 7066
8443 9843
8444 6345
8445 5874
8446 8784
8447 5130
8448 8459
8449 8489
8450 9248
8451 7296
8452 506
8453 5985
8454 4231
8455 6566
8456 8620
8457 4066
8458 1763
8459 5441
8460 6388
8461 3904
8462 3958
8463 1067
8464 5411
8465 8974
8466 694
8467 4151
8468 2908
8469 2774
8470 7573
8471 1216
8472 2011
8473 2568
8474 5760
8475 8197
8476 3405
8477 9685
8478 2692
8479 8556
8480 8452
8481 2879
8482 116
8483 1830
8484 777
8485 6038
8486 3117
8487 5316
8488 705
8489 2755
8490 3864
8491 1382
8492 9189
8493 9180
8494 6668
8495 3160
8496 2489
8497 7793
8498 3867
8499 2001
8500 4900
8501 1232
8502 4760
8503 8287
8504 1955
8505 9069
8506 4130
8507 8296
8508 8984
8509 3359
8510 7334
8511 6686
8512 5137
8513 7115
8514 7484
8515 3255
8516 2963
8517 4354
8518 608
8519 3557
8520 2861
8521 1336
8522 4074
8523 5779
8524 3427
8525 8503
8526 2176
8527 5396
8528 878
8529 7337
8530 4434
8531 5361
8532 3240
8533 5906
8534 8013
8535 7869
8536 6991
8537 5729
8538 1779
8539 615
8540 2827
8541 8982
8542 1446
8543 9199
8544 5581
8545 6852
8546 1267
8547 7990
8548 7574
8549 2383
8550 6370
8551 5389
8552 6922
8553 3357
8554 9272
8555 8603
8556 5119
8557 354
8558 501
8559 4821
8560 2906
8561 662
8562 8125
8563 5457
8564 9127
8565 6372
8566 4528
8567 7764
8568 5590
8569 1681
8570 1674
8571 4859
8572 4830
8573 6177
8574 4755
8575 9100
8576 6557
8577 477
8578 3187
8579 6226
8580 2731
8581 4535
8582 1904
8583 6111
8584 8511
8585 6210
8586 9790
8587 1395
8588 7903
8589 6658
8590 7152
8591 7302
8592 8313
8593 6558
8594 2269
8595 5074
8596 7423
8597 3340
8598 8429
8599 3349
8600 8302
8601 4037
8602 4425
8603 3481
8604 6003
8605 1381
8606 7124
8607 3205
8608 3316
8609 6304
8610 5371
8611 3584
8612 8428
8613 3785
8614 7920
8615 3951
8616 2204
8617 3138
8618 7885
8619 1406
8620 4155
8621 374
8622 2535
8623 1560
8624 619
8625 2213
8626 5867
8627 8490
8628 1762
8629 1087
8630 8208
8631 3899
8632 3310
8633 9841
8634 9566
8635 7657
8636 5691
8637 3424
8638 2806
8639 395
8640 8229
8641 3234
8642 1036
8643 2953
8644 9555
8645 3754
8646 7684
8647 2918
8648 8233
8649 5532
8650 9994
8651 2220
8652 2823
8653 6201
8654 4215
8655 6996
8656 6878
8657 5304
8658 1831
8659 9387
8660 584
8661 582
8662 20
8663 8188
8664 343
8665 1954
8666 9335
8667 4753
8668 576
8669 7609
8670 4058
8671 3081
8672 1426
8673 3223
8674 2406
8675 5812
8676 7218
8677 7314
8678 1312
8679 8484
8680 3479
8681 6287
8682 8518
8683 6643
8684 1325
8685 2265
8686 6522
8687 1631
8688 981
8689 8894
8690 9143
8691 3920
8692 8030
8693 9510
8694 5851
8695 7582
8696 2084
8697 4788
8698 5417
8699 4377
8700 8294
8701 6524
8702 3625
8703 8949
8704 1928
8705 786
8706 579
8707 9708
8708 5650
8709 2057
8710 6307
8711 1943
8712 239
8713 9993
8714 2254
8715 7981
8716 9375
8717 2201
8718 2483
8719 2184
8720 1745
8721 8667
8722 8711
8723 1441
8724 9886
8725 8741
8726 9198
8727 8777
8728 2803
8729 74
8730 3582
8731 9431
8732 6794
8733 2542
8734 5828
8735 111
8736 1084
8737 7219
8738 8323
8739 3035
8740 8348
8741 3709
8742 9235
8743 29
8744 3612
8745 6186
8746 8749
8747 7509
8748 3010
8749 7414
8750 7198
8751 4937
8752 8379
8753 1339
8754 8638
8755 4115
8756 2589
8757 115
8758 8999
8759 3807
8760 6769
8761 9529
8762 1844
8763 9249
8764 6981
8765 3441
8766 6076
8767 7110
8768 1999
8769 766
8770 4796
8771 3992
8772 8932
8773 9794
8774 5251
8775 8404
8776 9131
8777 2436
8778 480
8779 4726
8780 1682
8781 7011
8782 2389
8783 3464
8784 8458
8785 2458
8786 3700
8787 8470
8788 7083
8789 6980
8790 4182
8791 698
8792 3792
8793 3189
8794 6663
8795 8574
8796 1120
8797 3069
8798 9999
8799 7872
8800 1223
8801 9163
8802 6625
8803 9705
8804 4471
8805 3771
8806 3092
8807 1470
8808 2498
8809 9803
8810 8979
8811 8098
8812 8579
8813 4394
8814 4935
8815 9839
8816 8156
8817 6605
8818 8364
8819 8129
8820 9736
8821 9209
8822 7249
8823 1294
8824 6902
8825 888
8826 4144
8827 1366
8828 8570
8829 5945
8830 324
8831 2621
8832 6702
8833 8483
8834 1495
8835 2322
8836 1438
8837 8242
8838 4591
8839 8902
8840 5078
8841 7564
8842 3924
8843 1420
8844 7045
8845 6825
8846 5358
8847 6967
8848 5069
8849 6081
8850 8357
8851 4211
8852 4728
8853 5243
8854 9618
8855 8869
8856 6078
8857 7653
8858 8737
8859 9146
8860 4766
8861 8301
8862 1894
8863 8577
8864 6656
8865 2499
8866 3639
8867 810
8868 6297
8869 4070
8870 2284
8871 867
8872 5402
8873 7774
8874 5583
8875 1716
8876 856
8877 7488
8878 6267
8879 7116
8880 4186
8881 4194
8882 4301
8883 8522
8884 7739
8885 5516
8886 3150
8887 2235
8888 4277
8889 1703
8890 7024
8891 6220
8892 1684
8893 5068
8894 493
8895 1503
8896 5822
8897 3725
8898 3167
8899 829
8900 366
8901 7804
8902 3588
8903 6975
8904 2032
8905 9251
8906 3291
8907 6410
8908 8521
8909 5367
8910 4967
8911 4094
8912 6504
8913 481
8914 7209
8915 3789
8916 8333
8917 3304
8918 633
8919 9128
8920 8794
8921 1323
8922 4927
8923 948
8924 3590
8925 5647
8926 2068
8927 6310
8928 1161
8929 7677
8930 4928
8931 8022
8932 8078
8933 8633
8934 4013
8935 1361
8936 2328
8937 4113
8938 331
8939 9130
8940 7453
8941 1365
8942 8326
8943 2221
8944 5278
8945 1596
8946 4807
8947 4905
8948 6006
8949 9404
8950 7402
8951 2236
8952 3333
8953 7996
8954 6932
8955 2100
8956 380
8957 240
8958 7786
8959 3560
8960 7368
8961 5589
8962 8967
8963 4398
8964 3894
8965 6192
8966 7987
8967 4025
8968 166
8969 1866
8970 7385
8971 1026
8972 7726
8973 7472
8974 7821
8975 5244
8976 4748
8977 797
8978 5711
8979 6695
8980 2924
8981 1839
8982 2124
8983 3595
8984 4839
8985 5395
8986 8542
8987 4891
8988 1437
8989 7093
8990 4012
8991 8023
8992 8318
8993 5288
8994 5966
8995 9539
8996 4634
8997 128
8998 7140
8999 4655
9000 5495
9001 6484
9002 3396
9003 8065
9004 6621
9005 6205
9006 6431
9007 8886
9008 6426
9009 4774
9010 5883
9011 3916
9012 5257
9013 7411
9014 7964
9015 36
9016 60
9017 1261
9018 5008
9019 3768
9020 4957
9021 7057
9022 5025
9023 4247
9024 9679
9025 4486
9026 827
9027 2110
9028 4684
9029 1641
9030 5876
9031 5409
9032 4001
9033 9751
9034 1539
9035 8141
9036 5818
9037 8717
9038 9820
9039 2599
9040 1436
9041 2843
9042 7253
9043 9965
9044 7571
9045 3286
9046 6446
9047 9044
9048 4420
9049 4962
9050 2871
9051 4299
9052 349
9053 8411
9054 2719
9055 2215
9056 9946
9057 1300
9058 8409
9059 4337
9060 6242
9061 4214
9062 7364
9063 2102
9064 4303
9065 9947
9066 7161
9067 5566
9068 2728
9069 2206
9070 6512
9071 8209
9072 5953
9073 1236
9074 2298
9075 1393
9076 3265
9077 5666
9078 3270
9079 3990
9080 2752
9081 1759
9082 9525
9083 2913
9084 1512
9085 2131
9086 3000
9087 7153
9088 2225
9089 1370
9090 9325
9091 532
9092 921
9093 1582
9094 8263
9095 8670
9096 3871
9097 8631
9098 5140
9099 3004
9100 4478
9101 8805
9102 3212
9103 8108
9104 9026
9105 2952
9106 6397
9107 6362
9108 2697
9109 5720
9110 7553
9111 4749
9112 2881
9113 9726
9114 4545
9115 5188
9116 6179
9117 9691
9118 1250
9119 7698
9120 2950
9121 4023
9122 2530
9123 7619
9124 7316
9125 1467
9126 9655
9127 1476
9128 2552
9129 391
9130 1671
9131 5986
9132 8496
9133 7215
9134 6741
9135 5184
9136 9611
9137 8781
9138 837
9139 8142
9140 5191
9141 4336
9142 4062
9143 260
9144 8543
9145 2089
9146 2318
9147 3940
9148 7540
9149 4278
9150 8852
9151 6352
9152 3684
9153 6351
9154 6598
9155 3720
9156 6726
9157 9499
9158 1547
9159 4439
9160 7254
9161 9641
9162 6771
9163 8795
9164 8286
9165 9786
9166 5118
9167 6336
9168 4872
9169 7077
9170 7626
9171 7426
9172 2940
9173 6157
9174 9920
9175 9102
9176 5824
9177 2022
9178 9875
9179 4769
9180 8115
9181 1989
9182 2065
9183 5638
9184 4742
9185 1933
9186 4457
9187 3352
9188 1360
9189 9287
9190 1132
9191 2746
9192 2548
9193 6600
9194 2862
9195 3387
9196 6757
9197 9043
9198 6123
9199 2607
9200 3494
9201 808
9202 8055
9203 9743
9204 3391
9205 3834
9206 7717
9207 4871
9208 9135
9209 1322
9210 2092
9211 9432
9212 9818
9213 4090
9214 1123
9215 1414
9216 7867
9217 2052
9218 1464
9219 8215
9220 7771
9221 4132
9222 9181
9223 4125
9224 4894
9225 9924
9226 4272
9227 6914
9228 5153
9229 4033
9230 5801
9231 5937
9232 164
9233 6079
9234 822
9235 325
9236 5596
9237 1478
9238 5922
9239 6579
9240 5439
9241 180
9242 1342
9243 8759
9244 2943
9245 6930
9246 6281
9247 266
9248 7424
9249 2197
9250 623
9251 4801
9252 8070
9253 4653
9254 4715
9255 5821
9256 2935
9257 5362
9258 5345
9259 7575
9260 5066
9261 6054
9262 7743
9263 2606
9264 5728
9265 4747
9266 2438
9267 7551
9268 4134
9269 1815
9270 5478
9271 1711
9272 314
9273 8887
9274 6542
9275 1099
9276 117
9277 5129
9278 8150
9279 8254
9280 8369
9281 932
9282 9549
9283 7034
9284 7030
9285 7026
9286 1313
9287 96
9288 2352
9289 8033
9290 2223
9291 9697
9292 1701
9293 304
9294 7369
9295 871
9296 2757
9297 6544
9298 2885
9299 1139
9300 5208
9301 7681
9302 3816
9303 411
9304 838
9305 7778
9306 6168
9307 3936
9308 9003
9309 7645
9310 1841
9311 5568
9312 2657
9313 5924
9314 511
9315 5766
9316 8371
9317 4340
9318 1042
9319 4217
9320 9523
9321 7672
9322 2848
9323 466
9324 8054
9325 9880
9326 2941
9327 3431
9328 6469
9329 4668
9330 2710
9331 4464
9332 1947
9333 4376
9334 3658
9335 565
9336 7909
9337 4685
9338 8671
9339 6144
9340 1405
9341 6230
9342 2202
9343 9606
9344 1213
9345 2159
9346 9503
9347 1511
9348 2344
9349 3243
9350 3743
9351 546
9352 9428
9353 9903
9354 3870
9355 2349
9356 5895
9357 5205
9358 378
9359 4657
9360 668
9361 9171
9362 5808
9363 432
9364 9907
9365 6567
9366 5374
9367 8236
9368 3704
9369 5959
9370 617
9371 7089
9372 4882
9373 1404
9374 6011
9375 1098
9376 7432
9377 5418
9378 7236
9379 1649
9380 8052
9381 4189
9382 9822
9383 2929
9384 3648
9385 8206
9386 8650
9387 1188
9388 2875
9389 1078
9390 2972
9391 5327
9392 8191
9393 1180
9394 3371
9395 5564
9396 4647
9397 3670
9398 8319
9399 9926
9400 443
9401 6630
9402 1039
9403 2485
9404 406
9405 1009
9406 5171
9407 9440
9408 8329
9409 6025
9410 6465
9411 7204
9412 10
9413 6781
9414 8416
9415 6324
9416 6442
9417 9219
9418 2133
9419 7478
9420 561
9421 1715
9422 7365
9423 8547
9424 2480
9425 5630
9426 1423
9427 7560
9428 4654
9429 5459
9430 8387
9431 4779
9432 3601
9433 5923
9434 9752
9435 294
9436 8640
9437 1721
9438 9453
9439 9602
9440 5117
9441 6419
9442 3929
9443 4383
9444 6645
9445 4940
9446 5933
9447 866
9448 3107
9449 262
9450 1263
9451 6571
9452 4136
9453 9755
9454 8613
9455 1837
9456 6506
9457 1176
9458 7611
9459 9603
9460 3060
9461 9579
9462 9118
9463 2946
9464 9185
9465 5510
9466 3194
9467 6819
9468 7879
9469 6835
9470 937
9471 843
9472 148
9473 9799
9474 8845
9475 790
9476 6000
9477 9593
9478 8813
9479 2815
9480 2973
9481 6508
9482 3642
9483 9941
9484 8068
9485 1884
9486 4317
9487 7498
9488 8755
9489 9893
9490 7952
9491 4346
9492 8002
9493 1238
9494 6721
9495 3900
9496 3778
9497 7938
9498 9730
9499 2510
9500 6487
9501 1792
9502 9968
9503 7589
9504 4404
9505 1518
9506 4709
9507 6207
9508 2789
9509 1291
9510 2467
9511 7904
9512 5706
9513 3457
9514 9301
9515 103
9516 2400
9517 4091
9518 9115
9519 3998
9520 9504
9521 4481
9522 3131
9523 6082
9524 5990
9525 5674
9526 2331
9527 3196
9528 2563
9529 8019
9530 6470
9531 365
9532 3688
9533 1065
9534 6655
9535 5849
9536 5856
9537 883
9538 6031
9539 341
9540 3211
9541 1149
9542 7217
9543 2721
9544 4995
9545 6886
9546 7456
9547 6973
9548 172
9549 9071
9550 9194
9551 3297
9552 7383
9553 2048
9554 3309
9555 6332
9556 6545
9557 7181
9558 6704
9559 4288
9560 3855
9561 1564
9562 4323
9563 3102
9564 5781
9565 4892
9566 1082
9567 2524
9568 9027
9569 9935
9570 4191
9571 4718
9572 9395
9573 5352
9574 5920
9575 7899
9576 6853
9577 1756
9578 8124
9579 3412
9580 2173
9581 2614
9582 6562
9583 4996
9584 2264
9585 9905
9586 42
9587 4576
9588 1522
9589 4992
9590 5694
9591 8443
9592 2338
9593 2336
9594 7801
9595 5443
9596 3955
9597 6871
9598 1704
9599 1520
9600 6859
9601 4458
9602 1133
9603 1607
9604 8097
9605 8391
9606 9667
9607 5203
9608 7269
9609 2702
9610 2099
9611 6027
9612 7685
9613 4971
9614 7378
9615 5656
9616 4855
9617 1222
9618 5753
9619 3941
9620 9831
9621 7956
9622 397
9623 9780
9624 5668
9625 4495
9626 9819
9627 4538
9628 3247
9629 6160
9630 3381
9631 3097
9632 5029
9633 5493
9634 2399
9635 8772
9636 5854
9637 6392
9638 2454
9639 4048
9640 3510
9641 4034
9642 3344
9643 4330
9644 7142
9645 6326
9646 4599
9647 7835
9648 8548
9649 7984
9650 1784
9651 8424
9652 2853
9653 1975
9654 7649
9655 396
9656 9761
9657 5341
9658 3681
9659 7016
9660 3504
9661 770
9662 1683
9663 1286
9664 1730
9665 1299
9666 7380
9667 9480
9668 5798
9669 4429
9670 1018
9671 9178
9672 907
9673 9892
9674 1722
9675 7023
9676 3407
9677 6972
9678 5308
9679 4442
9680 7188
9681 2427
9682 9285
9683 4802
9684 188
9685 9446
9686 5414
9687 4131
9688 8386
9689 9293
9690 3649
9691 3553
9692 9309
9693 7285
9694 7194
9695 817
9696 7059
9697 8048
9698 2456
9699 8517
9700 3472
9701 356
9702 4152
9703 5065
9704 1849
9705 6409
9706 574
9707 161
9708 4029
9709 5637
9710 4673
9711 7014
9712 7732
9713 9215
9714 8476
9715 3353
9716 7233
9717 1005
9718 109
9719 6851
9720 8825
9721 9587
9722 5848
9723 9445
9724 7849
9725 3619
9726 2386
9727 4914
9728 5115
9729 8782
9730 7547
9731 4344
9732 7311
9733 7557
9734 971
9735 328
9736 2920
9737 9275
9738 2229
9739 78
9740 9563
9741 1011
9742 5804
9743 7471
9744 5549
9745 3467
9746 407
9747 9544
9748 2422
9749 7315
9750 7530
9751 4002
9752 1688
9753 9682
9754 8237
9755 2297
9756 2737
9757 7358
9758 6102
9759 5661
9760 8509
9761 1487
9762 9748
9763 598
9764 9039
9765 542
9766 9315
9767 2838
9768 6591
9769 1976
9770 9701
9771 7689
9772 5320
9773 3909
9774 6290
9775 7932
9776 7336
9777 6634
9778 2144
9779 6628
9780 1066
9781 7451
9782 4583
9783 8487
9784 3416
9785 6257
9786 4042
9787 6802
9788 6211
9789 1021
9790 7002
9791 3341
9792 5359
9793 2976
9794 8988
9795 4163
9796 1043
9797 3230
9798 8872
9799 5676
9800 3153
9801 8021
9802 2809
9803 9640
9804 7067
9805 417
9806 4280
9807 3918
9808 8665
9809 4548
9810 5289
9811 2926
9812 5900
9813 470
9814 8164
9815 5369
9816 8419
9817 5629
9818 5101
9819 6751
9820 1994
9821 502
9822 9347
9823 6532
9824 4868
9825 8342
9826 7667
9827 5222
9828 9966
9829 185
9830 2118
9831 3928
9832 404
9833 9166
9834 7631
9835 3083
9836 2939
9837 4122
9838 6293
9839 7883
9840 9162
9841 9888
9842 6432
9843 4399
9844 9765
9845 7410
9846 7529
9847 6132
9848 9710
9849 7462
9850 2158
9851 7344
9852 5132
9853 220
9854 4428
9855 4849
9856 270
9857 9867
9858 3715
9859 4920
9860 7652
9861 609
9862 81
9863 8726
9864 2484
9865 5491
9866 5364
9867 1207
9868 8965
9869 5355
9870 6019
9871 8820
9872 7394
9873 9051
9874 530
9875 3379
9876 8234
9877 683
9878 7533
9879 9410
9880 9161
9881 7409
9882 2877
9883 9884
9884 8278
9885 7406
9886 3275
9887 5892
9888 5505
9889 2231
9890 6073
9891 2659
9892 6627
9893 6373
9894 973
9895 8195
9896 2487
9897 4267
9898 1817
9899 5970
9900 3975
9901 1111
9902 5689
9903 5967
9904 6254
9905 1982
9906 2649
9907 8977
9908 3113
9909 7355
9910 8529
9911 1724
9912 8892
9913 2385
9914 5756
9915 8417
9916 34
9917 7858
9918 6809
9919 1873
9920 2157
9921 4273
9922 3740
9923 8616
9924 9588
9925 5163
9926 5258
9927 7949
9928 2681
9929 639
9930 1852
9931 8349
9932 8321
9933 9469
9934 3766
9935 1993
9936 6698
9937 9851
9938 3779
9939 2529
9940 5799
9941 3733
9942 4254
9943 1348
9944 3551
9945 1872
9946 8907
9947 2869
9948 8247
9949 6095
9950 727
9951 1183
9952 7273
9953 2409
9954 7504
9955 8684
9956 3889
9957 4944
9958 9863
9959 4052
9960 6814
9961 4619
9962 9852
9963 2575
9964 2969
9965 2576
9966 2393
9967 9639
9968 2208
9969 3499
9970 4596
9971 2294
9972 5161
9973 8716
9974 3410
9975 7367
9976 3708
9977 7811
9978 58
9979 1895
9980 7901
9981 7543
9982 7661
9983 8896
9984 7554
9985 9296
9986 9721
9987 6866
9988 2326
9989 1970
9990 2554
9991 5975
9992 5935
9993 7136
9994 4283
9995 8513
9996 5893
9997 1811
9998 7131
9999 8951
