(job No.) (worker No.)
0 9122
4 7923
5 6252
6 6240
7 7557
8 9648
9 445
10 482
12 8730
13 693
14 6702
15 4656
16 2963
17 4401
18 3535
19 5369
20 27
21 5156
22 3109
24 3129
25 9093
26 283
27 2628
28 5144
29 8461
30 820
32 1906
34 136
35 9690
36 5627
37 3288
38 4820
40 369
41 9658
42 9967
43 7088
44 324
45 93
46 1411
47 6940
48 473
49 9422
50 518
51 4006
52 4614
53 6390
54 8031
55 151
56 4339
57 4052
58 6766
59 8957
60 2233
61 8241
62 9596
63 1177
64 5837
65 7222
66 7416
67 1420
68 3463
69 1463
70 5211
71 7515
72 3398
73 2517
74 6795
75 7276
79 5551
81 8761
82 5220
83 3085
84 1273
85 8742
86 6727
87 7061
91 2413
92 2101
93 2390
94 1341
95 8105
97 2906
98 4284
99 3176
100 4311
101 5683
102 6371
104 4868
105 6208
106 1657
107 3125
108 5393
109 4594
113 490
114 30
115 778
116 4198
117 6384
118 9239
120 5724
121 3788
122 6299
123 5719
124 4419
125 895
126 2324
127 8380
128 9130
129 5374
130 8397
131 1914
133 5459
134 5643
135 7485
137 2639
138 4673
140 6361
141 7972
142 2787
143 4704
144 3953
145 4933
146 4182
147 1612
148 9467
149 8504
150 2892
152 5578
153 3135
154 9942
155 9053
156 3234
157 8681
158 2356
159 4422
160 8669
161 1868
162 5049
165 7505
166 9852
167 434
168 4327
170 8129
172 3214
173 344
174 8528
175 123
176 6498
177 5460
178 9713
179 3340
180 1107
181 1109
182 310
185 4397
186 6617
187 3540
188 8026
189 2664
191 6607
192 2732
193 3293
194 3592
195 5255
196 2384
197 1747
198 5124
199 3536
200 5053
202 8156
205 157
206 5100
207 8920
208 8205
211 9248
212 4126
213 2627
214 2136
215 3618
216 6290
217 958
218 5993
219 5977
220 8017
221 1692
222 890
223 3039
224 4379
227 2506
228 2069
229 4302
230 6165
231 951
234 7583
235 9174
236 7283
237 4376
238 8415
239 5652
241 8388
242 8784
243 8763
246 9088
247 4823
248 2429
249 8009
250 3030
251 6892
254 5207
255 2165
256 5778
257 983
258 4831
259 5555
260 8270
262 8891
263 9879
264 1194
265 6269
268 8266
269 5872
271 7767
272 5599
273 4434
276 8287
278 2062
279 1920
280 6581
281 1662
282 6774
283 6285
284 432
285 9956
286 7472
287 9337
289 9437
290 8202
291 782
293 5130
294 713
295 5817
296 4122
298 5661
299 4984
301 5261
302 697
303 8539
304 4200
305 3644
306 8444
307 2406
308 1510
309 4683
310 6278
311 4046
312 5405
314 4696
315 6222
316 4642
317 9920
318 1034
319 3139
320 8908
321 9672
322 5654
323 8893
324 9140
325 7759
326 7216
328 250
329 6455
332 2987
333 7698
334 5897
336 2776
337 3050
338 746
339 3149
340 2805
341 1485
342 1058
343 7919
344 6370
345 7596
346 8312
347 6117
348 6779
350 8453
351 4050
352 2564
353 9646
354 7633
355 5195
357 3430
358 6068
359 8655
360 6049
361 4922
363 1196
365 3423
366 7191
369 3746
370 3948
372 1559
373 6275
374 4539
375 9873
376 3097
377 7787
378 1330
379 2172
380 4841
381 7132
382 2783
383 5775
384 8600
386 4860
387 2123
388 1153
389 3282
390 5158
391 24
393 3
394 2058
395 2940
396 3278
397 7891
400 9498
401 4477
402 9921
403 8904
404 147
405 6163
406 9222
407 8936
408 9335
410 5239
412 6959
413 6241
414 8081
415 9090
416 6843
417 3183
419 9327
420 7233
421 6670
423 9101
424 4313
425 8897
427 6676
428 5272
429 8551
430 64
431 7349
433 5899
434 8020
435 1043
436 7310
437 1096
438 9519
439 4768
441 4842
443 1247
445 6807
446 2494
448 4365
449 3718
450 9968
451 9067
452 5901
453 1499
455 5146
456 7072
457 9940
458 3521
459 9186
460 35
461 1516
462 6077
464 3230
466 7669
468 9007
469 3250
470 4405
471 1439
472 3965
475 5866
477 6692
478 1803
479 2151
480 7657
481 4904
482 3815
483 9857
484 2555
485 4955
486 4759
487 666
488 7981
489 6333
491 7769
493 706
495 2377
496 7205
497 2370
498 8471
499 6948
500 6924
501 1950
502 5780
503 4781
504 226
505 193
506 112
507 7354
508 7518
509 6423
510 7831
511 7343
512 5143
513 2905
514 9418
515 573
516 6542
517 7019
519 9353
520 428
522 5733
523 5868
524 7076
525 937
526 1961
527 5672
528 3056
529 4258
530 4218
531 4448
533 4028
534 1287
536 7375
537 5102
538 8971
539 6770
540 5181
541 3964
542 8725
543 8535
544 6300
546 640
547 3146
549 417
550 2133
552 4814
553 1638
554 9978
555 7308
556 6761
557 5372
558 7223
559 211
560 2286
561 8327
562 5814
563 4916
564 7460
565 5576
567 684
569 521
571 3719
572 3261
573 2549
574 4255
576 3854
577 420
579 9277
581 2516
582 257
583 6982
584 3509
585 4871
586 9564
587 5430
588 2820
590 5905
592 1369
593 4951
594 7174
595 4534
596 3816
598 5687
599 509
600 8813
602 9545
603 7562
605 7171
609 4038
610 1240
612 3185
613 1472
614 2617
615 463
616 3009
617 6838
618 7116
619 4567
620 5982
621 1212
622 6502
623 7006
624 8889
626 8990
628 7077
629 846
630 6284
631 1303
632 3418
633 9731
634 642
636 7940
637 8745
638 3876
640 6642
642 2205
643 4613
644 4906
645 3073
646 5871
647 1370
648 5604
649 9633
651 3786
652 2321
654 1749
655 4060
656 5021
657 4210
659 2419
660 665
661 2578
662 5577
663 550
664 4962
665 333
666 7430
667 1806
668 1987
669 8485
670 1148
671 6757
672 8680
674 7906
675 8668
676 5528
677 6198
678 2066
680 6857
681 767
684 4835
686 3444
687 99
688 1332
689 7955
690 8106
691 7632
693 5184
694 8675
695 1775
697 5082
699 4248
700 6659
702 4560
703 4158
704 1537
705 8406
706 8519
707 8394
708 5758
711 16
715 1680
716 7287
718 7027
719 5474
720 7967
721 8123
723 8800
724 8636
725 7101
726 6926
727 1861
728 231
729 383
730 6801
731 4665
733 6827
735 4967
736 8603
737 7404
739 2034
740 1348
741 2510
742 536
743 7713
744 9326
745 6977
747 222
749 1801
750 6864
751 7359
752 8545
754 6993
756 8544
757 3118
758 1215
759 5669
760 6530
761 7074
762 847
763 1572
765 5349
766 6514
767 3636
769 8426
770 6091
771 8088
772 1550
773 4803
775 354
777 1601
778 2050
782 5970
784 2008
785 715
786 6405
787 2490
788 6955
789 1105
790 7903
791 9332
792 2505
793 4475
794 83
795 3238
796 5942
798 9049
803 4251
804 7724
805 4817
806 479
807 7378
808 8534
809 5462
810 7565
811 3186
815 5799
816 5464
817 7286
818 3062
821 5029
823 681
824 7663
825 3069
826 6457
827 8404
828 1557
829 5991
830 3578
831 2874
833 347
834 805
835 2418
837 9132
838 5616
839 8366
840 6151
841 5969
843 8999
844 5027
845 1870
846 8416
847 1308
848 572
850 4850
851 6425
852 1387
853 3476
854 2993
855 2675
856 9674
857 1818
858 1976
859 2743
860 145
861 1406
862 79
864 542
865 375
866 4411
867 2894
868 8864
869 3599
870 1178
871 5216
873 604
874 9768
875 4843
876 8480
877 7313
878 1470
879 2607
880 795
881 3906
882 3777
883 7255
884 588
888 7020
889 8429
890 6485
893 3735
894 7351
895 8087
897 3501
898 932
899 2598
900 5427
901 2209
902 6354
903 6491
904 3166
905 7119
906 612
907 6461
908 2093
910 6402
911 9263
913 9789
914 9531
915 3516
916 5704
917 2611
919 3658
921 4013
923 7918
924 7441
925 3994
926 8905
927 6997
928 462
929 6293
930 926
931 3508
932 783
933 8872
935 2615
936 7635
937 5006
938 7756
939 3716
940 2079
941 6355
943 388
946 5078
947 9589
948 9880
949 4878
950 5914
951 1291
952 1401
953 3833
954 491
957 9784
958 1487
960 4104
961 2633
962 6992
963 7010
964 9041
967 7782
968 7911
970 2114
971 8303
972 5773
974 8846
976 8581
977 6971
978 9706
979 8616
980 3890
982 1296
983 9160
984 6803
986 4044
988 1294
989 5357
990 1040
991 8795
992 2192
993 3986
994 9346
995 3007
997 9089
998 2098
999 8563
1000 1352
1001 1765
1004 8208
1005 3798
1006 6218
1007 2935
1008 6630
1009 4688
1010 1328
1012 302
1013 3691
1015 9483
1017 7014
1018 6626
1019 4442
1020 2187
1021 6054
1022 6709
1023 1891
1024 7522
1026 4478
1028 5949
1029 8980
1030 2518
1031 1297
1032 9411
1033 1156
1034 7954
1035 9965
1036 7589
1037 6968
1039 2063
1040 2217
1041 62
1043 6469
1044 4308
1045 9888
1046 7962
1047 7656
1048 4988
1049 8793
1050 2949
1051 5522
1052 4753
1053 1568
1056 5036
1057 5835
1058 1865
1059 319
1062 6479
1064 3477
1065 4654
1066 9627
1068 655
1069 9262
1070 8323
1071 3399
1073 9714
1074 5774
1075 8318
1076 5160
1077 6790
1079 5634
1080 7084
1081 7666
1082 7425
1083 7864
1084 9276
1085 5136
1086 5777
1087 5410
1089 8067
1090 5979
1093 8282
1095 1686
1096 5366
1097 2942
1098 672
1099 8511
1100 8709
1101 4943
1102 138
1103 2320
1104 6346
1105 7643
1106 7133
1107 4607
1111 3645
1115 2680
1116 6640
1117 4125
1118 8686
1119 1854
1120 3748
1123 1427
1124 5525
1125 3272
1126 4081
1129 2762
1130 7809
1131 472
1133 8057
1134 5645
1135 6126
1136 5183
1137 2178
1138 9599
1141 8841
1142 4983
1144 3382
1145 2251
1146 575
1147 1103
1150 450
1151 5900
1152 4586
1153 6458
1154 7370
1156 2828
1157 9733
1158 4625
1159 5952
1161 4252
1162 6238
1163 9832
1164 5070
1165 8653
1166 5356
1167 452
1168 5317
1169 5066
1170 5671
1172 5083
1173 6849
1175 866
1176 5030
1177 8909
1178 7358
1179 3812
1180 2086
1181 3292
1182 3761
1184 4451
1185 5629
1186 5853
1187 1205
1189 4137
1190 2543
1191 5388
1193 1589
1195 9287
1196 9375
1197 9664
1199 993
1200 644
1204 756
1206 1423
1207 8933
1208 4008
1210 6869
1211 5423
1213 3736
1214 3860
1215 1301
1216 2350
1217 4998
1219 115
1220 471
1221 2950
1222 5910
1223 848
1224 7937
1225 487
1227 1101
1228 7993
1229 859
1231 4245
1232 9990
1233 1149
1234 8938
1235 1012
1237 9861
1238 8651
1239 4196
1240 6875
1241 9918
1242 5277
1243 4460
1244 6847
1245 3437
1246 6248
1247 7179
1248 1283
1249 7329
1250 5251
1251 249
1252 9227
1254 8951
1256 8513
1257 9069
1258 8122
1259 325
1260 884
1261 3212
1262 7578
1263 9787
1264 1587
1266 1331
1268 6965
1269 4467
1270 7109
1272 9910
1273 6169
1274 5065
1275 1312
1276 4288
1277 5721
1280 8
1281 336
1284 1375
1285 8089
1286 3077
1288 3978
1289 3769
1290 6622
1291 1779
1292 4634
1293 173
1294 830
1296 5210
1297 1497
1298 2651
1300 9492
1301 6448
1302 3019
1303 6573
1305 1650
1306 3143
1307 8288
1309 6373
1310 9356
1311 6219
1312 4986
1313 7526
1314 9776
1315 9798
1316 5588
1317 807
1318 4099
1319 3188
1320 9811
1321 8027
1322 6436
1323 3487
1324 4797
1326 4576
1327 7728
1328 8476
1329 6316
1330 3209
1331 2556
1332 3730
1333 6477
1334 4668
1335 6588
1337 8001
1338 5003
1339 2867
1340 8851
1345 8132
1346 45
1347 3067
1349 6601
1350 6326
1351 6842
1352 867
1353 2972
1354 8262
1355 9413
1356 5637
1357 2296
1358 9902
1359 3555
1361 4748
1362 9665
1363 1311
1364 6715
1365 7347
1367 5582
1368 1635
1369 3403
1370 801
1372 9311
1373 1939
1374 2944
1375 4319
1376 9792
1377 9320
1378 3657
1382 3259
1384 9666
1385 8030
1386 9913
1387 9476
1388 9585
1393 1748
1394 528
1395 9544
1396 3350
1397 8552
1398 6725
1399 7670
1400 5038
1401 7647
1402 5199
1403 6170
1405 9715
1406 7604
1409 7118
1410 8844
1411 9838
1413 1136
1414 2483
1415 5276
1416 2195
1417 7473
1419 3574
1420 9656
1421 5585
1423 6393
1425 2936
1426 3387
1427 688
1430 2824
1431 1716
1433 4178
1434 4553
1435 7140
1437 4635
1438 113
1439 2161
1440 6334
1442 8601
1445 2726
1446 6224
1447 6823
1449 4281
1450 7745
1451 2254
1452 5753
1453 1566
1454 6372
1455 2663
1456 8289
1457 6836
1458 5311
1460 2214
1462 5854
1463 9667
1464 3103
1465 8306
1466 1632
1467 7838
1468 8135
1469 9578
1470 7486
1472 5639
1474 6546
1475 1356
1476 814
1477 5553
1478 6098
1479 1972
1480 5971
1481 683
1482 3711
1484 6544
1485 4199
1487 2278
1488 244
1489 5340
1491 1503
1492 468
1494 6999
1495 5988
1496 2078
1497 2645
1498 7299
1499 5984
1500 1160
1501 5040
1502 1095
1503 5517
1504 1440
1505 3177
1506 879
1508 6107
1509 1285
1510 419
1513 5382
1515 7120
1516 1513
1517 9257
1518 3305
1520 8642
1521 7715
1524 7850
1526 2891
1527 5602
1529 8061
1531 8473
1532 1182
1534 2024
1535 3334
1536 6828
1537 3496
1539 8543
1540 4184
1541 2585
1543 2083
1544 3245
1545 3699
1546 6891
1547 2938
1548 323
1549 626
1550 3743
1551 2696
1552 8561
1553 7949
1555 9720
1556 2991
1557 1335
1558 5187
1560 4211
1562 7924
1563 9975
1566 433
1567 6679
1568 8177
1569 8718
1571 7188
1572 7563
1575 5246
1578 5567
1580 5482
1581 240
1584 4958
1585 5012
1586 6268
1588 7958
1589 4290
1590 541
1591 3456
1593 3296
1594 2703
1595 8789
1596 2175
1597 2399
1599 5644
1600 9730
1601 8049
1602 9387
1603 5289
1605 212
1606 2295
1607 4107
1610 1030
1611 180
1612 9172
1613 7905
1614 3353
1617 5212
1618 2343
1620 1066
1622 176
1623 2074
1624 5217
1625 6069
1626 5805
1627 7754
1628 6618
1629 785
1630 6179
1632 5224
1633 3795
1634 3741
1636 1610
1637 5231
1638 6205
1640 6217
1641 3682
1643 8479
1644 8310
1645 2757
1648 403
1649 1694
1650 9010
1651 6177
1653 38
1654 3182
1655 6229
1656 2088
1657 9374
1658 5094
1660 6080
1661 6743
1662 4019
1663 7097
1664 7452
1665 2590
1666 7456
1668 3281
1670 9151
1671 1979
1673 5745
1676 1268
1678 7053
1679 1995
1681 8661
1682 3690
1684 8229
1685 418
1686 6145
1688 9266
1689 8172
1690 1929
1691 888
1693 9281
1694 2108
1695 4140
1696 3142
1697 6401
1698 9246
1699 9100
1700 9188
1701 6638
1702 1517
1703 1570
1704 1768
1705 7825
1707 5344
1708 581
1709 9928
1710 2731
1711 5245
1712 7717
1713 3392
1714 5732
1716 1586
1717 5086
1718 9432
1721 3817
1722 8647
1723 1385
1724 9889
1725 8164
1726 6424
1728 635
1729 5434
1730 6797
1731 1334
1732 3808
1733 3111
1734 1450
1735 4195
1736 1743
1737 3888
1738 6938
1740 4142
1741 3446
1742 4294
1743 1555
1744 1545
1745 422
1746 5072
1747 5165
1748 4012
1749 7442
1750 2193
1751 3764
1752 5738
1753 8200
1754 8801
1755 2560
1756 3427
1757 2247
1758 8144
1759 7876
1760 3422
1761 876
1762 2361
1763 386
1764 8928
1766 8689
1767 889
1768 4577
1769 6456
1770 1085
1771 9111
1772 2304
1773 7108
1774 6560
1775 1320
1776 7700
1778 4558
1779 1702
1780 5811
1781 2674
1784 1846
1785 3547
1786 3470
1787 3873
1788 5342
1789 7746
1790 4956
1791 7999
1793 1074
1795 2346
1796 9634
1797 1648
1798 1790
1799 43
1800 747
1801 7346
1802 3713
1805 8011
1806 1544
1808 2473
1809 3333
1810 8042
1812 5389
1813 7705
1816 3839
1817 4641
1818 7866
1819 4517
1820 6729
1822 5333
1823 5465
1824 5818
1825 6881
1828 2676
1829 6885
1832 8427
1834 2898
1835 5828
1836 2317
1837 1552
1838 8747
1839 87
1840 198
1841 8512
1842 5417
1843 3545
1844 7166
1845 6583
1846 8959
1847 853
1849 5147
1850 4908
1851 4070
1854 6637
1857 4813
1858 6854
1861 1720
1862 6812
1863 7000
1864 6643
1865 9022
1866 5381
1867 8677
1868 9771
1869 2638
1870 3631
1872 5074
1873 8376
1875 378
1877 8871
1878 2763
1879 6735
1880 2440
1882 4773
1883 7275
1884 6995
1885 9515
1886 5378
1887 1948
1888 9854
1890 3920
1892 2801
1893 1739
1894 8170
1895 3892
1896 7043
1897 326
1898 7371
1899 986
1900 700
1901 7209
1902 2773
1903 517
1904 9853
1905 7141
1906 1679
1908 8960
1909 9383
1910 3253
1913 3246
1915 233
1916 3552
1917 8799
1918 3580
1919 8867
1920 2825
1921 4197
1923 3905
1924 6123
1925 6825
1926 2865
1928 1640
1929 2553
1930 3977
1931 5229
1934 8657
1935 8854
1936 3342
1937 8171
1939 2882
1940 3472
1941 2871
1942 770
1943 1634
1944 1062
1945 5133
1946 3518
1948 5194
1949 7
1950 3395
1951 3973
1952 7523
1953 3886
1955 8788
1956 8209
1957 5725
1958 7237
1960 5168
1961 3573
1962 2216
1963 2444
1964 493
1965 4556
1966 1106
1967 8422
1968 4293
1969 8555
1970 8732
1971 6486
1972 723
1973 9478
1974 2414
1976 4021
1977 1456
1979 9125
1980 6019
1981 6460
1982 4935
1983 4459
1984 4334
1985 1541
1987 1262
1988 3738
1989 4289
1990 5589
1991 408
1993 8941
1994 2261
1995 5297
1997 7841
1998 2212
1999 5361
2000 7751
2001 7507
2002 393
2003 8435
2007 4261
2008 8850
2009 2043
2010 6921
2011 4837
2012 5307
2013 5431
2014 1553
2015 3789
2017 97
2018 2142
2019 1780
2021 3770
2022 4899
2023 6120
2024 2546
2025 1636
2026 1289
2027 5278
2028 2630
2030 1019
2031 7206
2032 6262
2033 8549
2034 5613
2036 7121
2037 1201
2039 3489
2041 1126
2042 2475
2043 4712
2044 2049
2045 2945
2046 3087
2048 1209
2049 571
2051 2289
2052 9692
2053 7858
2055 2392
2057 7960
2058 6195
2059 8524
2060 6870
2061 1897
2062 502
2063 2851
2064 9449
2065 3944
2066 5008
2067 2182
2069 980
2070 5628
2071 152
2072 1856
2073 5280
2074 9696
2077 8948
2080 2939
2081 1872
2082 843
2083 5292
2085 1173
2086 3380
2087 3248
2088 9717
2089 9157
2090 2507
2091 55
2092 9555
2093 7395
2094 6391
2097 341
2098 4059
2100 8044
2101 6020
2102 9471
2103 3902
2104 1551
2105 6960
2106 9268
2108 411
2109 4730
2110 9601
2111 3136
2112 3909
2113 5071
2114 3609
2115 6295
2116 2424
2117 8047
2118 3640
2119 4386
2121 8492
2122 220
2123 6060
2126 9074
2127 8155
2128 6102
2129 3440
2130 6153
2131 6362
2132 6388
2133 3375
2134 9345
2135 7067
2136 8525
2137 4693
2138 1374
2140 5703
2141 2955
2142 3771
2143 4389
2144 6478
2145 1869
2146 5676
2147 939
2149 6595
2150 2351
2151 3997
2152 6915
2153 3222
2154 4062
2155 6462
2156 9533
2157 65
2159 4227
2160 9721
2161 359
2162 3928
2163 8040
2164 7126
2165 182
2166 5620
2167 3787
2168 342
2169 25
2170 8075
2172 8662
2174 5420
2175 1940
2176 6321
2177 9229
2178 7820
2180 1346
2181 7236
2182 743
2183 2437
2186 2956
2187 9113
2188 8910
2189 1850
2190 6551
2191 307
2192 9647
2194 6818
2196 4239
2197 8091
2199 5786
2200 6952
2203 2476
2204 9934
2205 4996
2206 9594
2207 3785
2208 9557
2209 8052
2210 6733
2211 733
2213 5727
2214 1852
2215 400
2216 2306
2217 942
2218 9908
2219 3712
2221 1579
2222 4388
2223 9537
2224 9996
2226 4216
2227 674
2228 7493
2229 9421
2230 1726
2231 7839
2232 8221
2234 5162
2236 9520
2237 3881
2238 1922
2239 8496
2240 4587
2241 2457
2242 1919
2243 8409
2244 4356
2245 6108
2246 1189
2248 301
2249 2840
2250 6416
2251 4782
2252 999
2253 8356
2254 8104
2255 6751
2257 4875
2258 594
2259 8890
2260 9395
2261 105
2262 6014
2264 5580
2266 2687
2267 5621
2270 3611
2272 1477
2273 6874
2274 9193
2275 7366
2278 442
2279 1970
2280 7965
2281 2742
2282 7874
2283 3838
2284 5306
2285 392
2288 3374
2289 1642
2291 2031
2293 7428
2294 313
2296 7757
2297 2372
2299 6830
2301 7909
2302 6598
2307 3370
2308 5379
2310 4538
2311 1760
2313 921
2314 9210
2315 2258
2317 4937
2318 6236
2319 4947
2321 8645
2322 813
2323 8678
2324 6007
2325 1797
2326 6160
2327 7558
2328 9728
2329 5884
2330 5954
2332 101
2334 9004
2335 5347
2337 2966
2338 1796
2339 3762
2340 7130
2341 1787
2343 6104
2344 4457
2345 8007
2346 6758
2348 1016
2349 6978
2350 1522
2354 5509
2355 5968
2356 1761
2357 5707
2358 6633
2359 5606
2360 1132
2361 5080
2362 4747
2364 7684
2365 3687
2366 9969
2368 9628
2369 3993
2370 3779
2371 9446
2372 1480
2373 413
2375 1651
2376 3510
2377 7661
2378 2315
2379 5442
2381 7799
2382 8713
2383 4393
2384 7103
2385 75
2386 645
2388 907
2389 2252
2390 824
2391 355
2392 2417
2394 6444
2397 9650
2398 7238
2401 870
2402 9014
2403 5932
2404 3863
2406 1730
2407 3499
2408 742
2410 2037
2413 5569
2414 440
2415 2450
2416 4371
2419 5819
2420 1246
2422 3934
2423 4398
2424 8160
2425 9976
2426 6206
2427 3291
2428 3213
2429 7930
2430 4886
2431 1039
2432 9712
2433 7496
2436 6247
2437 678
2438 436
2440 8273
2441 4990
2442 2246
2444 6190
2448 8437
2450 3400
2451 6341
2453 6452
2454 4189
2455 3561
2456 9059
2457 9426
2459 1086
2460 9680
2461 3686
2462 513
2464 8925
2465 1744
2467 5093
2468 2357
2469 3396
2470 455
2472 8254
2473 8414
2474 5662
2475 4975
2476 8311
2477 2529
2479 4893
2480 5233
2481 7290
2482 786
2483 8926
2485 7613
2486 3235
2487 5956
2488 1050
2489 4106
2490 9349
2491 6826
2492 4862
2494 3757
2495 268
2496 5858
2498 8359
2500 3295
2501 8446
2502 9489
2503 2600
2505 3172
2508 6044
2509 451
2511 6908
2513 3144
2514 685
2516 4444
2518 7495
2519 7933
2521 2345
2522 5171
2523 187
2524 5601
2526 4610
2527 6211
2528 1292
2529 7044
2531 8085
2532 6545
2533 4584
2534 3615
2536 4318
2537 6746
2538 9058
2539 5947
2540 7541
2542 3861
2543 6792
2544 2547
2545 2565
2546 1230
2547 3095
2548 8384
2549 7956
2550 9354
2551 3369
2552 2310
2553 1075
2555 1627
2556 7481
2557 5906
2558 5488
2559 4952
2560 5539
2561 1466
2562 395
2563 586
2564 8308
2565 763
2566 628
2567 5273
2568 5449
2569 3617
2570 3339
2573 1859
2574 4682
2575 9405
2576 6813
2577 3217
2579 4978
2580 117
2581 704
2582 5039
2583 4827
2584 166
2585 3297
2586 9370
2587 9626
2588 9362
2589 6075
2590 768
2591 7011
2592 8463
2593 3803
2596 1896
2598 7985
2603 6591
2604 8953
2605 9927
2606 3809
2608 2455
2609 6660
2610 2373
2611 207
2612 3837
2614 2248
2615 2744
2617 4176
2619 7256
2620 6740
2622 8584
2623 6000
2624 7693
2625 964
2626 2928
2627 7771
2628 9896
2629 6575
2631 2167
2632 6523
2633 8153
2634 9038
2636 2979
2637 2222
2638 8744
2640 2299
2642 2030
2643 2405
2644 3780
2645 8048
2646 7052
2647 4597
2648 7544
2649 415
2650 874
2651 2491
2653 5754
2654 6635
2655 6150
2657 7163
2658 754
2659 6903
2661 3415
2662 6742
2663 5191
2664 985
2665 2067
2667 6806
2669 1202
2672 8896
2673 5293
2674 2797
2676 1431
2677 4075
2678 4273
2679 7823
2680 8562
2681 5830
2682 6171
2684 3959
2685 4103
2686 1924
2688 6941
2689 2908
2690 1316
2691 1460
2692 3289
2694 638
2695 4278
2697 1722
2698 6661
2699 7996
2700 551
2702 3239
2703 1926
2704 6769
2705 1122
2706 276
2707 6672
2709 1656
2710 4270
2713 8658
2714 1135
2716 566
2717 6785
2718 6586
2719 3914
2720 210
2721 228
2722 7781
2723 4605
2725 9204
2726 9704
2727 5370
2728 7023
2730 9414
2731 3834
2732 2808
2733 652
2734 3045
2735 8077
2736 7534
2737 5658
2740 7697
2741 9482
2742 1386
2743 6505
2744 9865
2745 3869
2746 5351
2747 3731
2748 9419
2749 5323
2750 8382
2751 488
2752 4416
2753 8333
2754 9316
2755 4291
2756 976
2757 305
2758 7250
2759 9900
2760 3577
2761 7662
2762 8237
2764 5137
2765 1756
2766 5394
2767 2777
2768 8197
2769 2160
2771 5804
2772 7726
2773 8004
2775 3152
2777 185
2778 9694
2779 1758
2780 9223
2782 8770
2783 3810
2784 4499
2785 7080
2786 6258
2787 269
2788 7207
2790 7494
2791 899
2792 7224
2793 609
2795 1184
2796 6340
2797 6419
2799 7600
2800 9137
2801 2702
2802 7270
2803 4974
2804 6796
2805 7536
2806 1930
2807 8491
2808 3579
2809 3473
2813 8879
2814 6403
2815 9133
2816 9203
2817 274
2819 3845
2820 9285
2821 4143
2822 410
2823 6589
2824 154
2825 6109
2826 8599
2827 6682
2829 6894
2830 6863
2831 8154
2832 2751
2834 4179
2835 2280
2836 3178
2837 7331
2838 8116
2840 1444
2841 2090
2842 8794
2846 2962
2847 6430
2848 5047
2850 5500
2851 7341
2852 5962
2853 3960
2856 5477
2857 1081
2858 7513
2859 9309
2860 1543
2862 8387
2863 4085
2866 2734
2867 1124
2869 834
2870 6422
2872 7914
2873 4569
2875 726
2876 1239
2877 4071
2878 6547
2879 9573
2880 3998
2881 2016
2882 6800
2883 209
2884 2360
2885 9066
2886 9293
2887 9944
2888 4005
2890 3752
2891 8445
2892 4879
2893 5443
2896 2496
2897 4244
2898 9767
2899 2705
2900 4976
2901 4746
2903 9023
2904 2010
2905 7749
2906 9081
2907 1696
2909 8809
2910 4677
2911 7407
2912 1083
2913 7871
2914 172
2916 5815
2917 118
2918 6976
2920 4465
2921 7389
2922 3287
2923 5561
2925 1108
2926 1502
2927 1741
2928 5001
2930 6437
2931 2634
2932 8860
2933 9490
2935 8372
2936 1481
2937 4836
2938 4296
2940 9331
2941 3318
2942 2779
2943 1389
2944 7279
2945 6732
2946 1368
2947 2884
2949 4812
2950 9329
2951 6180
2952 6900
2953 7470
2954 5248
2955 3511
2956 2181
2957 2409
2958 3826
2960 202
2961 7383
2962 7537
2963 9323
2964 6048
2965 9522
2966 6292
2967 1685
2969 8430
2970 9632
2971 5324
2972 224
2973 3024
2974 4341
2975 4570
2976 3585
2977 8943
2978 9427
2979 6276
2980 4643
2981 6386
2982 565
2983 2173
2984 7843
2985 1198
2986 6449
2987 9742
2989 334
2991 2226
2992 7788
2993 8449
2994 5345
2995 7517
2996 8083
2997 6741
2999 1842
3000 4185
3001 8393
3002 6913
3005 1031
3008 2609
3010 5878
3012 6620
3013 6898
3014 4787
3015 247
3017 970
3019 3424
3020 3086
3021 8334
3022 5785
3023 2839
3024 1479
3025 605
3026 2647
3027 1265
3028 2239
3029 9070
3030 8719
3031 3241
3033 8127
3034 2019
3035 6570
3037 5363
3039 5557
3040 7235
3041 7690
3044 2416
3045 7762
3047 7086
3048 5762
3049 2623
3050 5120
3051 4680
3052 4307
3053 6172
3054 2672
3055 608
3056 2531
3057 1707
3058 6579
3059 4968
3060 2862
3062 9325
3063 4383
3064 8842
3065 8808
3066 6446
3067 950
3069 9477
3072 4283
3073 1432
3074 391
3075 4566
3076 1267
3077 3140
3080 1542
3081 8875
3084 654
3085 8753
3086 1825
3087 5794
3088 13
3089 9657
3090 6590
3091 9783
3092 8054
3095 8322
3096 9092
3097 6213
3098 7476
3099 5623
3102 4024
3103 7942
3106 657
3107 9526
3109 5373
3110 8438
3111 7435
3112 9491
3113 2873
3114 1179
3115 3294
3116 9608
3117 3273
3118 6508
3119 4431
3120 6101
3121 3327
3122 3794
3124 2739
3125 3348
3126 8717
3127 8673
3128 2503
3129 8140
3130 5075
3131 3598
3135 3919
3136 7056
3137 6911
3138 4209
3139 8939
3140 9992
3141 6768
3142 9207
3143 2646
3144 3083
3145 4345
3146 3315
3147 3247
3148 5919
3149 9499
3150 3447
3151 9455
3152 1888
3153 875
3154 1428
3155 7093
3156 85
3157 3381
3158 4135
3159 954
3160 1670
3161 3397
3162 6970
3163 9849
3164 8428
3165 6739
3166 3343
3169 6515
3170 7350
3171 7060
3172 6536
3173 6786
3174 8460
3175 1142
3176 4314
3177 7878
3178 4226
3179 7945
3180 796
3181 9500
3182 5348
3183 6759
3184 5122
3185 1533
3186 2679
3187 5863
3190 9134
3191 4689
3192 4549
3195 3386
3196 5826
3198 8391
3199 2441
3202 6193
3203 1254
3204 8592
3207 3505
3208 8649
3209 5809
3211 7637
3212 5511
3213 7680
3214 6464
3215 9242
3216 6266
3217 3539
3218 8039
3219 7936
3220 366
3222 6142
3223 9147
3224 2866
3226 1275
3227 160
3228 787
3229 1917
3230 1495
3232 4655
3233 4845
3234 4794
3236 887
3237 9001
3238 9217
3239 248
3240 5600
3241 4358
3242 4764
3243 2033
3244 4271
3245 7887
3246 9364
3249 4493
3250 1442
3251 5752
3254 2889
3255 149
3257 8293
3259 4047
3261 3851
3262 5483
3263 1524
3265 5037
3266 6441
3267 3529
3268 1072
3269 892
3270 2459
3272 5570
3273 6653
3274 7573
3275 4159
3276 9150
3277 3931
3279 5965
3281 668
3282 5486
3283 2389
3284 5439
3285 5359
3286 4651
3287 7365
3288 8700
3289 7092
3291 8947
3292 1697
3293 5262
3294 5891
3295 4760
3296 399
3297 8993
3298 1210
3299 3546
3300 9559
3302 5145
3303 7808
3304 1998
3307 6890
3308 8074
3309 159
3310 373
3311 6235
3312 3972
3313 8402
3314 7648
3315 9997
3316 3236
3317 5365
3318 947
3319 4648
3320 3512
3321 6162
3322 3482
3324 7679
3326 6225
3327 3923
3328 4147
3329 5516
3330 7210
3333 9169
3335 6001
3336 8058
3337 9282
3338 1192
3340 6319
3341 1569
3342 3604
3343 5335
3345 9301
3346 8178
3348 534
3349 7258
3350 1643
3351 7021
3352 4160
3353 5263
3354 2876
3355 2562
3356 7822
3357 1009
3358 4343
3359 8183
3360 58
3361 5097
3362 5247
3363 2487
3364 4518
3365 1973
3366 6876
3367 6357
3368 3656
3369 3796
3370 3655
3371 278
3372 2525
3373 3208
3374 1990
3375 7001
3377 8490
3379 8595
3382 2544
3383 1511
3384 3409
3385 7739
3386 5498
3387 6716
3389 4770
3390 1469
3391 6705
3392 7980
3393 8368
3394 9493
3397 3439
3398 70
3399 9350
3400 2855
3401 2678
3403 5840
3404 3664
3405 1962
3406 1663
3407 8096
3408 8671
3409 933
3410 5092
3411 7735
3412 4964
3413 7393
3414 3867
3418 2336
3419 7022
3420 1829
3421 453
3422 1714
3423 5710
3424 2511
3425 3898
3426 6644
3427 189
3429 3756
3431 4446
3437 8984
3439 4436
3440 5466
3442 9298
3444 7796
3445 3957
3446 6696
3447 9681
3448 1921
3451 6274
3452 7882
3453 4957
3454 4686
3455 540
3459 7848
3460 9826
3462 9384
3464 5618
3465 9373
3467 7243
3468 7122
3469 7883
3470 3313
3471 9126
3472 1337
3473 2277
3474 2671
3475 1866
3476 5708
3479 8113
3480 330
3482 4472
3483 7194
3484 5419
3485 794
3486 2184
3487 1623
3488 2264
3489 9226
3491 9278
3492 1133
3494 7902
3497 5227
3499 8811
3501 919
3502 9206
3504 8857
3505 9011
3507 4750
3508 9735
3509 6161
3510 522
3512 8006
3513 9314
3514 9882
3515 9330
3516 2365
3518 2127
3519 8260
3521 2975
3522 5747
3523 7412
3524 7431
3525 6597
3526 4325
3527 8228
3528 4559
3530 694
3531 1290
3532 3493
3533 2250
3534 1613
3535 3443
3536 1608
3537 9966
3538 516
3539 2341
3544 3670
3545 2119
3546 7605
3547 1678
3548 8247
3549 1771
3550 1434
3551 1098
3553 6495
3555 9850
3556 4015
3557 4217
3558 2084
3561 9183
3563 3694
3565 3032
3566 1505
3567 6314
3568 271
3569 8363
3570 8849
3572 1396
3573 3542
3574 5354
3576 5011
3577 8979
3578 483
3580 5944
3581 849
3582 7339
3583 4076
3585 2397
3586 862
3587 2635
3588 4161
3589 9016
3590 8840
3591 8108
3592 286
3593 5682
3594 2211
3596 4821
3597 9215
3598 3704
3599 3698
3600 3004
3602 835
3604 803
3605 3917
3606 9952
3607 1738
3608 2026
3609 5380
3610 155
3611 7959
3612 4772
3613 7292
3614 6636
3615 9763
3616 606
3620 7143
3622 9671
3623 7620
3624 1974
3626 3106
3627 4011
3628 5940
3629 9762
3630 5810
3631 3527
3632 5435
3633 4615
3634 6504
3635 5218
3636 6183
3637 9870
3638 527
3639 7773
3640 9077
3641 322
3642 860
3643 8328
3644 3483
3645 2464
3646 7169
3649 9185
3650 7859
3651 4647
3652 3677
3654 40
3657 6347
3658 382
3659 1004
3660 4131
3661 9028
3662 8861
3663 2508
3664 175
3665 3465
3666 1305
3668 2782
3669 4462
3670 769
3672 206
3673 6860
3674 9825
3675 6348
3676 2925
3678 2711
3680 7492
3681 9761
3682 7893
3683 2644
3684 2048
3686 643
3687 1836
3688 6471
3690 374
3691 1997
3692 9324
3693 757
3694 2861
3695 1412
3696 5995
3697 9547
3698 7448
3699 7185
3700 9611
3702 5964
3703 965
3704 7964
3705 5649
3706 4316
3707 9856
3709 3197
3711 9890
3712 50
3713 3290
3714 3576
3715 5364
3716 4171
3717 153
3718 1624
3719 6690
3720 1225
3721 7461
3722 3014
3723 6453
3724 1425
3725 8950
3727 6375
3728 6156
3731 7577
3733 5489
3734 2770
3735 3983
3737 1828
3738 1618
3740 2626
3741 6199
3742 1874
3743 934
3745 5096
3746 3461
3747 5642
3748 4063
3749 1131
3751 9848
3754 8204
3756 852
3757 9233
3758 8291
3759 4234
3760 8190
3761 5279
3762 8433
3763 4523
3766 9551
3767 3043
3768 9982
3769 3729
3770 3701
3771 2190
3772 7124
3773 7348
3774 851
3775 7703
3776 3269
3777 8587
3778 9958
3779 5547
3780 4484
3781 3614
3783 9244
3784 5842
3785 722
3786 2260
3787 1506
3788 467
3789 9154
3790 9464
3791 1419
3792 4201
3793 7992
3794 2502
3795 4853
3796 9532
3798 1014
3799 751
3800 1681
3801 2129
3803 6305
3804 7815
3805 7230
3806 3029
3807 6100
3808 3642
3809 797
3810 8573
3811 9005
3812 6624
3813 589
3814 7360
3815 9062
3816 2997
3817 3601
3818 7049
3819 6541
3821 3356
3823 2292
3824 2249
3826 1187
3827 4562
3829 2733
3830 6539
3831 1242
3833 7556
3834 7035
3835 6263
3836 5798
3837 826
3839 9294
3840 2493
3841 6749
3842 8142
3844 1666
3845 2276
3846 7725
3847 2085
3848 7597
3849 5860
3853 5955
3854 2834
3855 7051
3857 4017
3858 1907
3859 6629
3860 1514
3861 1925
3862 6719
3864 2947
3865 2910
3866 4805
3867 6933
3868 7474
3869 4361
3873 7629
3874 4452
3875 4699
3876 765
3877 8248
3879 3504
3880 3059
3881 3035
3883 2769
3884 7898
3885 2169
3886 9458
3887 4552
3888 5996
3889 2999
3890 6155
3893 4793
3894 4468
3895 31
3896 1908
3897 3402
3899 4733
3900 4779
3901 8998
3902 7330
3903 3324
3905 5838
3906 3070
3907 6914
3908 634
3909 8991
3910 8796
3911 2668
3912 675
3913 7927
3914 758
3915 5929
3916 8607
3917 2662
3918 7638
3919 2107
3921 8245
3922 5696
3923 6754
3924 1430
3926 4391
3927 181
3929 1895
3930 6609
3932 5825
3933 2163
3934 1600
3936 5909
3937 738
3939 1528
3940 3478
3941 6648
3942 8654
3943 7312
3944 2811
3945 4667
3946 909
3947 6594
3948 5025
3949 4368
3950 7791
3951 498
3952 6755
3954 3933
3955 9037
3956 2002
3958 5377
3961 9718
3964 3616
3965 7197
3967 3955
3969 8352
3970 821
3971 3163
3972 1527
3973 5328
3975 1141
3976 2022
3977 9554
3978 8888
3979 8830
3980 9828
3981 4257
3982 4653
3984 5265
3985 3393
3986 4887
3987 8375
3988 3475
3989 9008
3990 8010
3991 3963
3992 5371
3993 9991
3994 9563
3996 5282
3997 103
3998 9677
3999 2965
4000 1507
4002 9042
4004 1307
4005 809
4006 7337
4007 2358
4008 3218
4009 4412
4010 829
4011 6022
4012 3651
4013 2794
4014 3426
4015 2622
4017 7939
4018 1443
4019 1695
4020 5712
4021 5104
4023 8344
4025 9846
4026 3263
4027 3842
4028 8594
4029 2134
4030 3513
4031 4757
4032 8309
4033 2330
4034 3800
4035 7654
4036 8540
4037 8268
4038 2699
4039 5974
4040 957
4041 5237
4042 2886
4043 275
4045 3303
4046 1125
4047 7877
4048 1535
4049 9361
4050 1217
4051 213
4052 8516
4053 7369
4054 4018
4055 170
4056 8443
4059 6856
4060 8396
4062 485
4063 6611
4064 8162
4065 7533
4066 8013
4067 7364
4069 8806
4070 3889
4071 3366
4072 273
4073 1936
4074 2207
4075 3649
4076 2125
4077 4425
4078 4127
4079 6764
4080 8295
4081 4987
4082 798
4083 9406
4084 3012
4085 8227
4086 5715
4087 7062
4088 5461
4089 8329
4090 6311
4092 4213
4093 3724
4094 2571
4095 3229
4096 6748
4097 1404
4098 1584
4099 9862
4101 5546
4102 2061
4104 7015
4107 9334
4108 6046
4111 9417
4112 4078
4113 6131
4114 3930
4117 3660
4118 6767
4119 2130
4120 5918
4121 9156
4122 519
4123 7190
4124 1088
4125 8502
4126 4722
4127 7800
4128 9983
4129 497
4130 5941
4132 2319
4133 9410
4134 4116
4135 1561
4136 4939
4137 3942
4140 7345
4141 6916
4142 9954
4143 1204
4145 8367
4146 1435
4147 9584
4148 6883
4150 8962
4151 893
4152 4324
4155 7466
4156 8566
4158 3028
4159 5045
4160 8343
4161 9267
4162 7087
4163 5400
4164 2208
4167 3404
4168 825
4170 6233
4171 2144
4172 5792
4173 285
4176 680
4177 2765
4178 3071
4179 2792
4180 8506
4181 4622
4183 4811
4185 7464
4187 3887
4188 816
4189 7916
4190 7576
4191 9176
4192 3891
4193 4573
4194 9371
4195 6178
4197 7055
4198 1981
4200 9869
4201 2122
4203 6787
4205 1433
4206 9076
4207 5862
4208 9625
4209 9998
4210 4580
4211 603
4212 6810
4213 2380
4214 8631
4215 1145
4216 1603
4217 2670
4218 4738
4219 9357
4220 2237
4221 7659
4222 6175
4224 930
4225 2481
4226 4298
4227 9747
4228 4698
4229 7625
4231 4593
4232 3932
4233 4639
4235 8251
4236 8354
4237 2021
4239 5313
4240 3594
4241 2802
4243 4865
4245 2348
4246 7714
4247 596
4249 5398
4250 4395
4252 7957
4253 9930
4254 6844
4255 3648
4256 1583
4257 8548
4258 5005
4259 6442
4262 1649
4264 385
4266 292
4267 3979
4268 6038
4270 5343
4271 2616
4272 3165
4273 2857
4275 4954
4276 4510
4277 6712
4278 3189
4279 7529
4282 5695
4283 9391
4284 5975
4285 4509
4286 68
4287 8016
4288 686
4291 6434
4292 897
4294 5286
4295 5659
4297 1087
4298 7932
4299 4373
4300 3379
4301 8635
4302 1146
4303 1735
4305 8961
4312 8185
4313 1684
4314 2738
4315 5883
4316 3945
4317 150
4318 7926
4319 1073
4320 9781
4321 9120
4322 4504
4323 7344
4324 416
4325 815
4326 2040
4327 1691
4328 4830
4330 4938
4331 6745
4333 389
4334 9614
4335 8117
4337 5939
4340 9948
4341 5574
4342 4632
4344 3717
4346 3011
4347 5888
4348 3330
4349 793
4350 3419
4351 5552
4352 2523
4353 4138
4354 71
4356 4157
4358 2722
4361 2931
4362 4372
4365 6018
4366 1235
4367 1501
4368 5044
4370 6228
4371 1168
4372 7264
4373 6016
4375 9508
4376 7376
4377 3947
4379 4417
4380 7129
4382 5503
4386 5983
4387 8121
4388 3708
4390 5067
4391 9114
4392 1668
4393 1767
4394 8267
4395 9506
4396 184
4397 4375
4398 3108
4400 1418
4401 7552
4402 5685
4404 9021
4405 6279
4408 8317
4409 4852
4410 2930
4411 5640
4412 9315
4413 9802
4414 2039
4415 8195
4416 7696
4419 610
4420 8216
4421 1848
4422 7295
4423 5504
4424 1397
4425 1405
4426 732
4427 5414
4428 6344
4429 1593
4430 5300
4431 708
4433 9595
4434 3221
4435 5054
4436 98
4437 7415
4439 4508
4440 7150
4441 5134
4442 7465
4443 8120
4444 3564
4445 4725
4446 4561
4448 2816
4449 817
4450 4069
4451 6763
4452 7642
4453 1183
4456 4040
4457 9877
4459 7994
4460 1878
4461 8043
4462 8606
4465 2154
4467 9711
4468 3589
4469 3956
4471 936
4472 3961
4474 3458
4475 7480
4477 4487
4479 2415
4480 4364
4481 5765
4482 8664
4483 3896
4484 9288
4486 9716
4487 6674
4488 6964
4489 6645
4490 9402
4491 6088
4492 9947
4493 935
4494 7277
4495 5617
4496 4421
4497 7218
4498 1393
4499 4761
4501 5440
4502 8399
4504 8358
4505 119
4506 9637
4507 6651
4508 7162
4509 6884
4510 3605
4512 1282
4513 9416
4515 2878
4516 2685
4517 8041
4519 8092
4520 1271
4521 2138
4522 3595
4523 2220
4524 871
4526 2721
4527 1845
4528 2309
4530 9072
4532 9749
4533 9916
4534 9669
4536 1206
4537 5609
4538 1677
4539 7229
4540 4902
4541 183
4542 2879
4543 232
4544 7159
4546 1949
4547 4719
4549 9473
4550 5084
4552 9675
4553 4141
4554 3120
4555 5530
4556 8447
4559 2342
4560 6033
4561 6944
4563 3367
4564 7439
4565 1745
4566 8448
4567 9300
4568 9284
4569 8084
4571 9036
4572 5376
4574 2109
4575 9141
4576 8670
4577 504
4578 777
4579 5692
4580 8184
4582 2059
4583 5795
4584 6264
4586 1047
4589 8180
4591 5174
4592 2593
4595 9621
4596 8046
4597 9505
4598 4409
4599 2425
4600 8173
4601 7095
4602 9197
4603 3413
4605 2282
4606 2191
4608 6185
4609 9700
4610 5713
4611 7392
4612 447
4613 3792
4614 5893
4615 3089
4616 8942
4617 664
4618 2978
4620 740
4621 7099
4622 8583
4623 5885
4626 3280
4627 6065
4628 6124
4629 8882
4630 9885
4631 2604
4632 799
4633 8063
4634 8778
4635 1138
4636 6747
4638 8220
4640 7540
4641 9745
4642 9808
4643 5506
4644 2332
4645 1654
4646 4918
4648 3347
4649 9475
4651 406
4652 7676
4653 1991
4654 1808
4655 8804
4656 8726
4657 6280
4658 8440
4660 6256
4662 6559
4663 7671
4664 8231
4665 5769
4666 3653
4667 6494
4668 8224
4669 9514
4670 5731
4671 6865
4672 6736
4673 6421
4674 6608
4675 3096
4677 8558
4678 1905
4680 6707
4681 2117
4682 7274
4683 955
4685 2281
4686 9598
4687 8856
4688 3316
4691 6820
4692 7487
4693 8628
4694 7748
4695 9398
4697 6345
4698 7368
4699 8578
4700 255
4701 6410
4702 5204
4703 6095
4705 3940
4708 8015
4710 2911
4711 1596
4713 1000
4714 6167
4715 4068
4716 8189
4717 7478
4719 1898
4722 2279
4724 1317
4725 7251
4726 3878
4727 9308
4729 52
4730 9029
4733 7444
4734 8099
4735 1881
4736 8827
4737 4739
4738 6067
4739 3791
4740 4664
4741 6519
4743 2314
4744 7353
4745 3462
4746 205
4747 7170
4749 1038
4750 2572
4751 1020
4752 6698
4754 9906
4756 8023
4757 2883
4758 5821
4759 5711
4760 8412
4761 6061
4762 938
4763 695
4764 5076
4765 8927
4766 1602
4767 1915
4768 4575
4769 6482
4771 8166
4772 8398
4773 5772
4774 2333
4775 5190
4777 7951
4778 8577
4779 4380
4780 1056
4781 6281
4783 8527
4784 2597
4786 9252
4787 1113
4789 2921
4791 161
4792 9590
4794 7616
4795 9904
4796 1588
4797 6845
4801 4826
4802 3219
4803 4832
4804 4410
4806 7253
4807 8146
4809 1723
4810 4867
4811 5408
4812 4077
4813 877
4814 4710
4815 5764
4816 457
4818 5476
4819 4547
4820 8530
4821 2654
4822 3420
4823 5495
4824 4326
4825 9558
4826 1617
4827 6552
4828 5531
4829 7320
4830 7057
4833 3969
4835 8223
4836 8465
4837 5101
4838 3148
4839 650
4841 4162
4844 9261
4846 6312
4847 3389
4848 4771
4849 2196
4851 6051
4852 9710
4853 997
4854 9054
4855 2263
4856 1841
4857 6615
4858 5743
4860 8497
4862 660
4863 8968
4865 1900
4866 8834
4867 4687
4868 903
4871 4420
4872 1158
4873 5543
4874 5936
4875 8149
4876 6840
4877 404
4878 6945
4880 564
4881 61
4882 3758
4886 6887
4888 6291
4889 1709
4890 8168
4891 5155
4892 8507
4893 6363
4896 9801
4897 1338
4898 6563
4899 6143
4900 6697
4901 120
4903 2551
4904 9254
4905 9736
4906 56
4907 8325
4909 6561
4910 9701
4911 4571
4917 1875
4918 1216
4919 1170
4920 9057
4921 5834
4922 4532
4923 9237
4925 9592
4926 1197
4927 6942
4928 2798
4929 6254
4930 7974
4931 7397
4932 6417
4933 5113
4934 1647
4935 1054
4936 9198
4937 5048
4938 8564
4939 7288
4940 1417
4942 8833
4945 9158
4946 2325
4947 2539
4948 2186
4949 2592
4951 7845
4952 3161
4953 9820
4954 1059
4955 4335
4956 499
4958 2986
4959 9778
4960 3041
4962 9438
4964 7178
4965 6535
4966 925
4967 1864
4968 7805
4969 2837
4971 9250
4972 1163
4973 9548
4974 8395
4975 7172
4976 4965
4977 4530
4978 7260
4979 2398
4982 9002
4983 4603
4987 8218
4991 4795
4992 5424
4994 1260
4995 5841
4996 5579
4999 9786
5002 2620
5003 7551
5004 3689
5006 1847
5007 495
5008 4056
5009 6852
5010 2758
5011 8330
5012 1700
5013 2587
5014 4098
5015 4095
5016 9895
5017 6071
5018 6652
5020 227
5021 6919
5022 6616
5023 8978
5024 289
5025 7300
5026 9741
5027 5198
5030 9796
5031 6555
5032 2242
5033 7468
5034 2933
5035 1391
5036 4754
5037 3286
5038 7971
5039 1964
5040 8741
5042 9972
5043 2788
5046 73
5047 3362
5048 7117
5049 9046
5051 2387
5054 4670
5055 8660
5057 5000
5059 4408
5060 5108
5061 4100
5062 2218
5063 443
5064 1033
5065 3492
5066 1134
5067 1752
5068 6119
5069 1496
5070 995
5071 8716
5072 4708
5073 7065
5074 6650
5075 329
5076 3249
5077 1682
5079 8111
5080 2752
5081 1482
5082 5200
5083 5855
5084 7125
5086 8917
5087 1966
5088 7976
5090 4128
5091 7879
5092 4500
5095 692
5096 5139
5099 5563
5100 246
5101 2642
5104 1799
5107 8593
5108 6974
5110 3479
5111 5035
5112 2909
5113 576
5114 2932
5115 6245
5116 1251
5117 9196
5118 8679
5119 6737
5120 7738
5121 3228
5122 5597
5123 4440
5124 2116
5126 7890
5127 2456
5128 7646
5130 1598
5131 4048
5133 1104
5134 7148
5137 4447
5141 725
5142 9085
5143 2888
5144 7239
5145 8212
5146 3662
5148 7706
5149 2052
5150 7082
5151 7658
5152 5318
5153 1229
5155 5554
5156 5958
5157 5050
5158 574
5159 2385
5160 4121
5161 4706
5162 8320
5163 2903
5165 1529
5167 4762
5168 2716
5169 8652
5171 6949
5172 6987
5173 8271
5174 6406
5175 3823
5176 9220
5177 7688
5178 619
5179 1276
5182 9178
5187 139
5188 3268
5189 7849
5190 9142
5191 9211
5192 6934
5193 4438
5194 2367
5195 8735
5196 2831
5197 2007
5201 7352
5202 6220
5203 11
5204 911
5205 3732
5206 9807
5207 5670
5208 5338
5209 5633
5210 4663
5212 7586
5213 156
5214 9732
5216 1053
5217 4166
5218 441
5220 8760
5221 3697
5222 8373
5223 372
5224 2812
5226 4628
5228 5266
5230 2257
5232 3847
5233 4994
5234 2859
5235 1090
5236 6029
5238 6058
5239 8690
5240 107
5241 3526
5242 9096
5243 6780
5244 1693
5245 8468
5246 8261
5247 5418
5248 7575
5249 4888
5250 6809
5255 2856
5258 2275
5260 9971
5261 6008
5263 7768
5264 8580
5265 1024
5266 9372
5267 9135
5268 5998
5269 6063
5273 7733
5274 1069
5275 2284
5276 2308
5280 290
5281 8012
5282 1037
5283 4709
5284 60
5285 6994
5287 9484
5288 5288
5289 940
5290 1794
5291 8126
5293 3018
5297 4164
5298 9050
5300 8489
5301 8785
5302 2745
5303 6520
5304 3080
5305 1253
5309 1049
5310 4215
5312 9269
5313 9840
5314 1468
5315 3537
5317 8609
5319 4237
5320 561
5321 7298
5322 8219
5323 4818
5324 7750
5325 7619
5326 7535
5328 5536
5329 2916
5330 6935
5331 6957
5333 2288
5334 6420
5335 4022
5336 2110
5337 2969
5338 489
5339 368
5341 168
5344 916
5345 7950
5347 6548
5348 8331
5349 2255
5350 2453
5351 1582
5352 4346
5353 7888
5354 5722
5355 2036
5356 4626
5357 9485
5358 130
5359 5655
5360 7704
5361 9434
5362 5334
5364 4979
5365 1774
5367 9080
5368 158
5370 9146
5371 2468
5372 3100
5373 9534
5375 6558
5376 8873
5377 2640
5378 3782
5380 5177
5381 4033
5382 8526
5383 2689
5384 1931
5385 3200
5387 6439
5389 6778
5391 8913
5392 9336
5393 5657
5395 6288
5396 5127
5397 3431
5398 2171
5399 2653
5400 3852
5401 7856
5403 357
5404 126
5405 3098
5406 3581
5408 2311
5409 563
5411 9289
5412 9241
5413 3624
5414 7009
5415 2914
5416 5033
5417 6021
5418 5541
5419 439
5420 3199
5421 8169
5422 8038
5423 2943
5424 7135
5425 2368
5426 4522
5427 1474
5429 7324
5431 3320
5433 4505
5435 7307
5437 4819
5438 6855
5439 4540
5440 1221
5441 7766
5442 242
5443 8659
5445 6587
5446 6947
5447 1916
5448 3175
5449 9312
5450 5355
5451 7547
5452 7721
5453 5484
5454 6524
5455 5755
5456 0
5457 2412
5458 7543
5459 7935
5460 4776
5462 6677
5463 1011
5464 345
5465 6396
5466 1458
5467 1571
5468 9974
5469 1166
5470 5779
5471 2657
5472 2835
5473 6192
5474 1968
5475 1022
5476 1802
5477 3201
5478 833
5479 5057
5482 2725
5483 702
5485 8408
5486 1245
5487 100
5489 5978
5490 6861
5491 5159
5492 558
5493 2152
5495 9409
5496 4963
5497 9926
5498 3674
5499 4535
5500 6270
5501 2410
5502 3037
5503 259
5504 1493
5505 9436
5507 6518
5508 9979
5509 3127
5511 1546
5512 2446
5513 5702
5516 5407
5518 4944
5519 8787
5520 2273
5521 5565
5522 3862
5525 3115
5527 1951
5528 252
5529 6991
5530 5960
5531 7966
5533 7244
5534 421
5535 2041
5536 144
5537 6513
5538 5253
5539 7098
5541 3450
5542 2895
5544 8350
5545 646
5546 2980
5547 5203
5548 7291
5549 4992
5550 8746
5551 3872
5552 6358
5553 3084
5556 1957
5558 9184
5559 679
5560 7263
5562 2421
5563 943
5564 1605
5565 2799
5566 2890
5567 1384
5568 1457
5569 8835
5571 9148
5572 3541
5573 204
5574 7804
5575 3556
5576 5771
5577 5173
5578 5077
5579 8710
5580 4205
5581 6939
5582 327
5583 2735
5584 4349
5586 2599
5587 8766
5588 4041
5590 9512
5591 9145
5592 3807
5593 2618
5595 6582
5596 4588
5597 1755
5598 6272
5599 7066
5601 9583
5602 7467
5603 4250
5605 6094
5606 5024
5607 8743
5608 2817
5609 6819
5610 1860
5611 8365
5612 2961
5613 9355
5615 8629
5617 3968
5619 8101
5621 2923
5622 4833
5623 864
5624 6734
5627 597
5628 3641
5629 2673
5630 3329
5631 3894
5632 3668
5634 3766
5635 7463
5636 3503
5637 2706
5639 6383
5640 6984
5641 1536
5642 1051
5644 629
5645 7853
5646 9874
5647 5454
5648 3734
5650 8196
5651 5959
5652 2366
5653 1243
5654 2376
5655 245
5657 3672
5659 9431
5660 8008
5661 3436
5662 9116
5663 6701
5665 5098
5666 639
5667 3763
5668 4300
5669 6082
5670 9258
5672 3606
5674 8243
5675 3858
5676 3036
5678 2688
5679 353
5680 6209
5681 9591
5682 7265
5683 5501
5685 7683
5686 3597
5687 2126
5689 3057
5690 2896
5691 7340
5692 6298
5693 8421
5695 8371
5697 7506
5698 5549
5699 6834
5700 7783
5702 3102
5703 2070
5704 9465
5705 9025
5706 2625
5708 7934
5709 651
5710 5864
5711 3155
5712 3344
5713 281
5714 3119
5715 9009
5716 2666
5717 8557
5718 1732
5719 3626
5720 8963
5722 537
5724 3360
5725 3824
5726 2027
5727 6188
5728 7731
5730 1999
5731 1773
5732 7599
5734 8419
5735 1960
5738 7775
5740 1783
5741 6649
5742 6085
5743 5186
5746 3744
5747 1500
5748 2838
5749 3921
5750 3737
5752 6132
5753 7165
5754 9502
5755 9538
5757 649
5758 6564
5759 3684
5761 4321
5762 2238
5763 1140
5765 3385
5766 7050
5767 6090
5769 9757
5770 7432
5771 9760
5772 8666
5773 8125
5774 9091
5775 7262
5776 4496
5778 9369
5780 4703
5781 477
5783 4337
5786 2394
5788 6221
5789 7457
5790 9230
5791 1280
5792 3328
5793 7674
5794 3027
5795 7025
5796 4264
5798 6173
5801 5611
5802 9201
5803 9318
5805 3107
5807 9087
5809 9949
5810 4203
5811 6596
5812 8802
5815 6569
5817 5172
5818 914
5819 8611
5820 2087
5821 2869
5822 1185
5823 6537
5824 4676
5825 7947
5826 279
5827 2199
5828 219
5829 7436
5830 9393
5832 7692
5833 6313
5835 2756
5836 4808
5837 4840
5838 2995
5839 8916
5840 5009
5842 3569
5843 5013
5844 7479
5845 2764
5846 8059
5847 2953
5848 2780
5849 8608
5850 6605
5851 2099
5853 4838
5854 598
5855 5990
5856 3352
5859 2104
5860 8985
5861 5111
5862 5178
5864 9328
5865 4798
5867 5622
5868 9582
5870 4265
5871 3428
5872 5735
5873 4108
5874 8559
5875 7449
5876 2576
5877 69
5878 2864
5880 5241
5881 7037
5882 4084
5883 9305
5884 3958
5885 140
5886 2619
5887 6418
5888 9103
5889 3532
5891 2168
5893 8712
5894 4745
5895 7420
5896 7961
5897 2863
5899 4223
5900 114
5902 8181
5903 7516
5904 3563
5905 4374
5906 1161
5907 2060
5908 8674
5909 414
5910 8818
5911 3048
5912 7241
5913 2381
5914 9381
5915 423
5916 2540
5918 8390
5919 2347
5920 5326
5921 7832
5925 6574
5926 1885
5927 1416
5928 8441
5931 4236
5933 1355
5934 9600
5935 6893
5936 2637
5937 381
5938 2447
5939 21
5941 3491
5942 1376
5943 265
5944 530
5945 2636
5946 1626
5947 3130
5948 3031
5949 1314
5951 5034
5952 8585
5953 3519
5954 9929
5955 6718
5956 3314
5957 4557
5958 4536
5959 4528
5960 9496
5961 5740
5962 3266
5963 4516
5964 2442
5965 772
5966 9124
5967 544
5968 3586
5969 9693
5970 3364
5973 1129
5976 6368
5977 6317
5978 3760
5980 6210
5981 831
5982 4175
5983 8374
5984 8207
5986 8650
5988 1597
5989 4344
5990 3300
5991 2479
5992 9030
5994 7836
5995 5114
5997 2729
5998 5150
5999 3215
6000 1910
6002 104
6003 2240
6004 9691
6005 9191
6006 1660
6007 7922
6008 3383
6010 7946
6011 7455
6012 8206
6013 3915
6014 3836
6015 9616
6017 9769
6018 7720
6019 8051
6021 7398
6022 8487
6023 5395
6024 8520
6025 4711
6026 9543
6027 8537
6028 3137
6030 9604
6031 4694
6033 7434
6035 4241
6036 3632
6037 9082
6038 2533
6040 3220
6041 9804
6042 3414
6044 3274
6045 5581
6046 9905
6047 6223
6049 3151
6050 9283
6051 4855
6052 9751
6054 272
6055 9909
6056 3336
6057 8685
6058 4578
6059 8469
6060 4489
6061 2981
6062 5533
6063 690
6064 3974
6066 4791
6068 8734
6070 1378
6071 2268
6072 1399
6073 3204
6074 6242
6075 4333
6076 6024
6077 2582
6078 2150
6079 7268
6081 2527
6082 179
6083 8630
6086 677
6087 8944
6088 2407
6089 7590
6090 555
6091 7280
6092 2807
6093 4027
6094 9565
6095 6593
6096 5180
6097 1813
6098 5797
6100 2819
6103 5099
6106 5367
6107 9567
6108 5352
6109 4524
6110 5678
6113 4925
6114 4272
6116 1422
6118 8731
6119 9343
6120 1437
6121 6079
6123 2337
6124 7948
6125 5889
6126 1147
6127 1531
6128 7896
6130 3549
6131 1041
6132 8324
6133 9775
6135 8812
6136 7792
6138 9572
6140 1057
6141 2847
6144 9858
6145 2038
6146 4913
6147 3751
6148 3634
6149 2029
6151 7545
6153 1306
6154 1615
6155 8193
6157 7007
6159 1244
6161 7374
6162 7580
6163 8407
6164 1249
6166 1232
6167 8124
6169 33
6170 6440
6172 3720
6173 7137
6174 9839
6175 390
6176 2960
6177 5118
6178 8780
6179 3939
6180 8852
6181 4453
6182 2580
6184 7234
6185 7269
6186 5684
6187 456
6189 1174
6190 5548
6191 9155
6193 8272
6194 3304
6195 8815
6196 8816
6197 9513
6198 4859
6199 258
6201 2388
6202 4824
6203 4382
6204 1945
6205 8632
6206 6808
6208 5450
6209 8090
6210 808
6212 1661
6214 6584
6215 8163
6216 4053
6217 2594
6218 2748
6221 4481
6223 8698
6224 3610
6225 6187
6226 4966
6227 5391
6228 4551
6229 9396
6230 2274
6231 4883
6235 2985
6236 2948
6237 6641
6238 8037
6239 7391
6240 6954
6241 128
6243 3901
6244 7498
6245 1798
6246 4548
6247 7094
6248 2790
6250 2806
6251 6927
6253 4263
6254 9112
6255 2789
6256 9977
6257 1717
6258 2915
6260 1426
6261 1333
6262 7897
6263 6773
6265 8792
6267 7458
6268 7514
6269 9033
6270 3126
6271 7776
6273 4646
6274 7968
6275 5081
6276 902
6277 5015
6278 719
6279 6413
6280 7261
6281 5908
6282 8596
6283 9338
6285 9883
6286 9709
6287 6675
6288 1002
6289 9851
6290 5697
6291 4400
6292 3494
6294 7406
6295 8514
6296 4783
6297 729
6298 2042
6299 4082
6300 4606
6301 4825
6302 1455
6303 9678
6304 9602
6305 6230
6306 3015
6307 379
6309 2775
6310 3421
6312 9527
6313 3784
6315 1321
6316 3884
6318 5152
6319 5256
6321 5857
6322 2408
6323 6127
6325 5360
6326 3507
6328 3667
6329 9738
6330 526
6331 6367
6332 3337
6333 4136
6336 4232
6337 3123
6339 122
6341 7075
6342 3349
6343 1519
6344 2767
6345 7770
6346 8238
6347 8018
6348 1150
6349 1834
6350 3952
6351 2554
6352 8624
6353 1946
6354 3345
6355 5626
6356 5927
6357 9613
6358 9609
6359 5322
6360 1887
6363 5046
6364 9433
6365 3848
6366 1492
6367 2155
6368 7584
6369 5746
6371 5406
6372 6553
6373 9845
6374 6669
6375 3671
6376 9159
6377 8167
6378 438
6379 9480
6381 3237
6382 4866
6383 8797
6384 5907
6387 7712
6388 163
6390 6931
6391 4763
6392 2132
6393 1843
6394 5007
6396 2474
6397 1733
6398 5202
6399 7054
6401 9734
6403 7192
6404 1562
6406 1349
6407 1342
6409 6723
6412 9785
6413 461
6414 9893
6415 5646
6416 8773
6417 1637
6418 6013
6419 6009
6420 1664
6422 1023
6423 780
6424 8757
6425 968
6427 7189
6429 5850
6430 2501
6431 7784
6432 8617
6433 6260
6434 7892
6435 669
6436 2164
6437 6379
6439 5951
6441 6483
6442 4692
6444 4111
6445 1933
6446 3710
6447 2162
6448 6554
6449 3554
6450 927
6451 5808
6452 5544
6453 2121
6454 86
6456 1408
6457 5607
6458 714
6459 6197
6460 4636
6461 1055
6462 7549
6464 3866
6465 1048
6467 992
6468 2460
6469 8749
6471 4724
6472 5412
6473 7211
6474 8610
6475 6685
6476 8481
6477 6133
6478 8252
6480 3044
6481 6868
6482 4640
6483 4110
6484 4982
6485 3750
6486 9822
6487 7530
6488 5448
6489 2
6491 3046
6493 9810
6495 7482
6496 4207
6497 7160
6498 3094
6499 1804
6500 7653
6501 9249
6502 234
6503 8866
6505 2848
6508 667
6509 6592
6510 1621
6511 3331
6512 7225
6513 712
6515 6296
6517 804
6518 9556
6519 7068
6520 8895
6521 77
6522 7644
6523 7078
6524 9105
6525 9192
6526 3180
6527 3982
6528 9214
6531 7854
6532 2055
6533 4801
6534 3179
6535 2846
6536 7424
6537 5598
6539 1658
6540 7248
6541 1152
6542 9725
6543 4282
6545 4202
6546 1718
6547 4360
6548 7450
6549 5468
6550 7142
6551 3157
6552 6917
6553 5537
6554 6966
6555 8222
6556 585
6557 3133
6558 3593
6559 5107
6560 1789
6561 4092
6562 6031
6563 7332
6564 7309
6567 7111
6568 6953
6569 2532
6570 4758
6571 3260
6573 8439
6574 2698
6575 9844
6576 437
6577 4091
6579 3850
6580 9795
6581 6802
6582 4476
6583 6878
6584 6
6585 7005
6587 4503
6588 8234
6589 5056
6590 4246
6591 6509
6592 8494
6593 9957
6594 1279
6595 3781
6596 6533
6597 5481
6598 7566
6599 6336
6601 856
6603 3033
6604 4007
6605 1220
6606 9212
6607 4980
6608 7333
6611 296
6612 5843
6613 9560
6614 6072
6615 1667
6616 1824
6618 1819
6620 9444
6621 221
6622 9772
6623 1805
6624 3154
6625 7668
6626 8505
6627 9006
6628 7736
6629 7603
6630 7744
6631 9649
6633 7615
6634 3822
6638 6510
6639 4094
6641 5350
6643 8321
6644 2581
6645 7245
6646 3544
6647 3441
6648 4035
6649 3254
6650 7810
6651 4912
6652 9307
6653 7228
6655 4880
6658 3116
6659 1563
6660 8969
6662 1459
6663 3987
6664 953
6665 1853
6666 262
6667 2850
6668 3411
6669 7675
6670 2458
6672 6320
6673 1770
6674 9830
6675 4348
6676 9643
6678 760
6682 2375
6683 7624
6684 8302
6685 854
6686 6680
6687 7038
6689 9488
6691 7628
6692 2139
6694 1454
6695 6550
6696 5069
6697 6969
6698 4073
6700 9264
6701 2566
6702 1483
6706 4649
6707 4277
6708 2291
6709 8316
6710 5790
6711 3232
6712 4839
6713 2012
6714 1248
6715 2492
6716 4377
6717 2746
6718 2137
6719 3935
6721 4093
6722 8119
6723 3813
6724 8159
6725 5337
6730 5902
6731 9831
6732 2881
6733 5573
6734 7524
6735 8466
6736 9630
6737 241
6738 5793
6739 1993
6740 5756
6741 6496
6742 328
6743 3001
6744 8626
6745 6112
6746 7128
6747 9415
6749 5062
6750 3321
6751 2970
6752 9400
6753 1429
6754 4120
6755 3264
6756 3435
6758 4378
6759 2082
6760 533
6761 5294
6762 9195
6764 7780
6765 7621
6766 8591
6767 8131
6768 2677
6769 449
6770 5327
6771 6866
6772 8296
6773 2028
6774 7327
6775 7029
6776 1032
6777 1750
6778 1046
6779 8033
6781 1278
6786 7614
6787 3524
6788 2219
6789 9104
6790 109
6792 9501
6793 5730
6794 4752
6795 5244
6796 6265
6799 9829
6800 6543
6801 5568
6802 1218
6806 3055
6807 9304
6808 1448
6810 1883
6811 3088
6812 641
6813 4123
6814 6832
6815 89
6816 6936
6817 8137
6819 1063
6820 7802
6822 6315
6823 682
6826 7182
6827 2830
6828 7979
6829 4150
6830 696
6831 7017
6832 1855
6833 5624
6836 9912
6837 2958
6839 435
6840 9389
6841 2520
6844 1181
6848 8340
6849 5433
6850 9806
6851 9943
6852 5228
6853 858
6854 1228
6855 7842
6856 3506
6858 299
6859 7091
6861 3989
6864 7812
6866 6556
6867 8769
6868 5928
6869 8619
6870 8934
6872 6074
6873 5463
6874 1851
6875 7459
6877 922
6878 3040
6880 4149
6881 6339
6882 9390
6883 4295
6884 1388
6885 6329
6886 6673
6887 8065
6888 4901
6889 6565
6890 659
6891 4304
6892 3515
6893 4900
6894 7988
6895 4423
6897 8239
6898 7028
6899 1402
6902 802
6904 6006
6905 3911
6906 1078
6908 4187
6909 5768
6910 759
6911 9099
6913 5095
6914 3332
6915 8919
6916 7134
6918 1676
6920 7889
6921 5492
6922 1
6923 7973
6924 8767
6925 9256
6927 5736
6928 771
6929 5169
6930 3904
6931 873
6933 3141
6934 8235
6935 6435
6936 7154
6937 7443
6938 2629
6939 3903
6941 9689
6942 6549
6943 6243
6944 7183
6945 8602
6947 4526
6948 1445
6949 2810
6950 556
6952 1263
6953 1070
6954 1786
6956 5257
6957 7538
6958 2044
6960 5802
6961 7041
6962 2402
6963 243
6964 8877
6965 7816
6966 6666
6967 9026
6968 6821
6969 5972
6970 7761
6971 6738
6972 188
6974 6627
6975 6387
6976 2791
6977 6664
6979 3042
6980 1008
6981 6837
6982 6356
6984 4437
6985 734
6986 5455
6987 1353
6992 2471
6993 4165
6994 7623
6995 6036
6996 1060
6999 9435
7000 7606
7007 6249
7008 2230
7009 8589
7010 3908
7011 6134
7012 2428
7015 9182
7016 8952
7017 8112
7018 5148
7019 1521
7020 2298
7021 5149
7022 4717
7023 6657
7024 7102
7026 396
7027 3480
7028 9931
7029 3565
7030 8958
7034 3134
7035 7426
7036 5383
7037 6777
7038 3025
7039 6990
7041 5610
7043 8472
7044 8824
7045 5471
7046 1619
7047 5319
7048 1097
7049 4525
7050 2760
7051 4118
7052 5346
7053 8424
7054 2854
7055 9834
7056 167
7057 208
7058 4329
7059 2014
7060 6147
7061 7240
7062 568
7063 5689
7064 6896
7065 9540
7066 7710
7067 9097
7069 4385
7070 5508
7072 6294
7073 9365
7074 4671
7075 647
7076 7063
7077 4915
7080 525
7082 5750
7086 6141
7087 2785
7088 7814
7089 8708
7090 5992
7091 6958
7092 6450
7093 2973
7094 6028
7096 5493
7097 6614
7098 4353
7099 2588
7101 2301
7102 998
7103 7342
7104 9550
7105 3676
7106 76
7107 7390
7108 9606
7109 2927
7110 78
7111 984
7113 9129
7114 4600
7115 8470
7116 8912
7117 577
7118 9428
7119 1052
7120 2497
7121 5744
7122 3354
7123 217
7127 7711
7128 923
7129 3158
7130 7970
7131 7242
7132 2519
7133 8192
7134 8965
7135 2303
7136 9937
7138 2272
7139 1985
7140 9472
7142 7254
7145 3453
7147 9279
7148 4034
7149 9481
7150 2290
7151 9462
7154 1766
7155 5527
7156 8922
7157 8034
7158 4253
7160 3417
7161 627
7162 5997
7163 5119
7164 8970
7167 4276
7168 1171
7169 4473
7170 8060
7171 3351
7172 6572
7174 2431
7175 8667
7176 7114
7178 9231
7179 9707
7180 9683
7182 507
7183 8981
7184 9139
7185 8575
7187 8853
7188 3971
7190 7525
7192 2013
7193 8704
7194 5425
7195 2583
7198 5985
7199 8370
7200 9377
7202 2589
7203 6128
7204 559
7205 944
7206 7941
7207 753
7208 7722
7210 3195
7211 6427
7212 1901
7214 6693
7215 2922
7216 4455
7217 4039
7218 8582
7219 3225
7220 7181
7224 3455
7225 2573
7227 8682
7228 4260
7229 7895
7230 1044
7231 7542
7232 5651
7233 4531
7234 1438
7235 39
7236 5839
7237 6250
7238 2146
7239 8014
7240 4287
7241 7215
7242 4010
7243 7373
7244 6078
7245 9963
7246 7326
7247 3002
7249 1574
7250 6084
7251 4765
7254 464
7255 6037
7256 4441
7257 4889
7259 9662
7260 8392
7262 9060
7264 6352
7266 9960
7267 3568
7269 6499
7270 5437
7272 6750
7273 5087
7274 5268
7275 9994
7276 9636
7277 8151
7279 4599
7281 8614
7283 5529
7284 9228
7285 8786
7286 215
7287 7186
7288 7232
7289 7779
7290 1155
7291 845
7293 2439
7295 7870
7296 949
7297 5397
7298 3831
7299 3895
7300 9622
7301 8498
7302 701
7303 9468
7304 4767
7305 4268
7306 5264
7307 4863
7308 3003
7309 4876
7310 4230
7311 6052
7313 6397
7314 3620
7315 2244
7316 2736
7317 3714
7318 2872
7320 3707
7321 6846
7322 6027
7323 4948
7324 8257
7325 6115
7326 8070
7327 394
7328 1996
7330 2382
7331 5742
7332 6814
7333 9871
7334 3774
7335 3497
7336 8102
7337 956
7338 1811
7339 6097
7340 7123
7341 9864
7342 5681
7343 6408
7344 66
7346 6255
7347 5221
7348 6839
7349 4243
7350 8531
7352 6829
7353 7419
7354 3243
7355 5064
7357 6628
7358 6654
7359 4488
7360 8986
7362 9597
7363 523
7364 7200
7365 15
7366 4661
7367 9740
7368 9457
7370 9165
7371 7156
7372 9128
7374 8906
7375 5275
7376 9152
7379 2115
7380 8478
7382 8186
7384 4030
7385 7363
7387 1832
7388 8133
7389 5473
7390 4856
7391 4133
7393 3051
7396 4429
7397 2643
7399 1800
7400 2537
7401 1222
7402 9868
7403 3429
7404 6002
7405 2445
7406 3150
7407 4715
7408 2469
7410 5302
7412 9702
7413 9450
7414 4181
7415 4977
7419 6053
7420 34
7423 5058
7424 8924
7425 8727
7426 1162
7427 7401
7428 9073
7429 5131
7430 6139
7431 4589
7433 8604
7435 3548
7436 5188
7437 8337
7438 9624
7439 3877
7441 351
7442 6775
7443 865
7444 2984
7445 8995
7446 3065
7447 5215
7448 5161
7449 8618
7450 3361
7451 8280
7453 7081
7454 5128
7455 148
7456 7502
7457 2228
7458 2836
7459 125
7460 2818
7461 4919
7462 1952
7463 8161
7464 6580
7465 6309
7467 9855
7468 4582
7469 4512
7471 8510
7472 2486
7473 7963
7474 8299
7475 7058
7477 5656
7478 8304
7479 7772
7480 3358
7481 5881
7482 1822
7483 6708
7484 6805
7485 6730
7486 102
7487 2701
7488 3976
7489 1655
7490 2641
7491 5861
7492 5026
7493 4064
7494 4267
7495 2378
7497 2465
7498 792
7499 8110
7500 5595
7502 896
7503 9999
7504 1409
7505 9055
7506 1167
7509 3323
7510 5079
7511 8739
7514 7004
7515 9750
7516 6114
7519 2461
7520 2495
7521 545
7522 3643
7523 4357
7524 5614
7526 7408
7527 6867
7528 4521
7529 2784
7531 9953
7532 4177
7533 1969
7535 8482
7536 6415
7537 8929
7539 1652
7540 8522
7541 4432
7542 134
7543 237
7544 8486
7546 8093
7547 7357
7548 1003
7549 3801
7550 920
7551 6710
7552 6411
7553 5310
7554 3322
7555 4061
7557 4367
7558 3452
7559 2339
7560 5666
7564 1956
7565 7758
7566 1785
7568 5726
7569 1595
7571 7305
7574 8946
7575 7667
7576 5911
7578 736
7579 8964
7580 5615
7581 7012
7582 5390
7584 7569
7585 963
7586 2293
7587 3534
7588 6951
7589 6540
7590 5931
7592 7282
7593 1203
7595 9171
7597 4872
7599 717
7600 6081
7602 7144
7603 3814
7604 8863
7605 548
7606 9703
7607 1298
7608 5513
7609 3257
7610 7886
7612 7453
7614 1934
7617 3868
7618 1712
7619 4471
7620 1363
7621 7317
7624 9619
7625 6791
7626 2229
7627 8062
7629 1343
7630 4449
7632 3966
7633 5339
7635 2283
7636 7829
7637 1706
7638 9224
7639 7793
7640 4407
7641 6328
7642 4897
7643 1740
7644 8736
7645 6850
7646 1736
7647 3445
7649 9623
7650 4384
7651 7296
7653 8420
7654 9753
7656 6176
7657 5515
7658 3827
7659 3169
7660 9270
7661 4685
7662 54
7663 1809
7665 1256
7666 2913
7667 1379
7668 5447
7669 7826
7670 5922
7671 6118
7672 2338
7673 9546
7674 261
7675 4519
7676 7446
7677 9018
7678 2608
7679 9805
7680 6474
7681 4997
7683 1955
7684 5558
7685 6023
7689 6282
7690 917
7692 1117
7693 5209
7694 2159
7695 994
7696 6684
7697 1508
7698 8832
7699 7504
7701 6166
7702 4778
7704 9299
7706 2267
7707 750
7708 2179
7710 7915
7711 7982
7712 8752
7713 5619
7714 9098
7715 5226
7716 8488
7717 6668
7718 882
7721 2097
7722 8918
7723 3090
7726 7532
7727 9574
7728 8032
7729 3709
7730 7047
7731 6030
7732 5182
7734 3776
7735 3099
7736 1746
7738 446
7740 5800
7742 2009
7743 7278
7744 5375
7745 1769
7746 8883
7747 2528
7748 9897
7749 2156
7751 4932
7752 1137
7753 3365
7754 9528
7755 8758
7756 3485
7757 9816
7759 3679
7760 8225
7761 9017
7763 2318
7764 5325
7765 7821
7766 3302
7767 4479
7768 9631
7769 8687
7770 8775
7771 9295
7773 186
7774 838
7775 2096
7776 1211
7777 6447
7778 1114
7779 9068
7780 10
7781 2183
7782 5688
7783 3820
7784 6040
7785 3630
7786 8550
7787 1816
7788 9043
7790 9986
7791 401
7792 9511
7793 9235
7794 3772
7796 3607
7797 8819
7798 3171
7799 2990
7800 7090
7801 3368
7802 8754
7803 2558
7804 4097
7805 2550
7806 6369
7808 5836
7810 5258
7812 7462
7813 5487
7814 2194
7815 425
7817 6521
7819 4645
7820 7272
7822 1318
7823 1942
7824 7187
7826 4729
7827 4269
7828 4541
7829 4637
7830 4492
7831 3390
7832 3210
7833 7553
7834 8590
7835 2968
7836 5153
7837 9494
7838 977
7839 201
7841 2513
7842 8847
7843 6056
7845 3622
7846 2396
7847 9273
7848 1476
7849 3174
7850 5847
7851 9441
7853 3008
7854 1258
7855 4170
7856 3058
7857 5636
7861 1180
7862 1807
7864 5004
7865 6392
7866 7429
7867 6043
7868 2709
7869 3117
7870 1005
7871 9497
7872 1128
7873 7252
7876 3074
7877 4786
7880 5886
7881 8276
7882 1625
7883 8884
7886 9652
7887 339
7888 5728
7889 3226
7891 3857
7892 8880
7893 5675
7894 6468
7895 3557
7896 5290
7897 6342
7898 7381
7899 1259
7900 165
7901 1719
7902 9448
7904 4004
7905 4074
7906 5562
7907 6431
7909 4616
7911 6888
7912 5002
7913 1558
7914 3016
7915 2870
7916 7106
7917 6105
7919 3949
7920 4381
7921 9641
7922 3258
7923 7173
7924 4585
7925 1373
7927 4923
7929 8305
7930 4727
7931 1377
7932 7208
7933 979
7934 2900
7935 4985
7937 3562
7938 5421
7939 5700
7940 6093
7942 2917
7943 474
7945 2951
7946 2971
7947 4921
7948 7284
7949 9359
7950 5456
7951 6283
7952 6466
7953 1734
7954 557
7955 2989
7956 2591
7957 7884
7958 5583
7959 4520
7960 6070
7961 3916
7962 1234
7963 3091
7964 8258
7965 9685
7968 5336
7970 1913
7971 5073
7973 7900
7976 6782
7977 9095
7978 4096
7979 6760
7980 8477
7983 6489
7984 1742
7985 2514
7986 4009
7987 5846
7988 5
7989 6433
7990 5055
7991 63
7992 349
7993 1371
7994 9420
7995 8345
7996 9867
7998 2140
7999 1390
8000 9280
8001 4183
8002 9031
8003 6490
8006 9670
8007 2749
8008 1538
8009 5401
8010 8814
8012 6459
8015 6979
8016 4233
8017 218
8018 8230
8019 3853
8020 822
8021 5385
8022 1143
8023 9205
8024 6318
8025 9313
8027 7372
8028 9290
8029 6407
8030 8859
8031 7521
8032 7765
8034 520
8036 5353
8037 3156
8038 1302
8039 8053
8041 9936
8042 9635
8043 3110
8044 8118
8045 9348
8046 3405
8047 8878
8049 1154
8050 503
8051 4602
8052 7096
8054 6568
8055 9699
8057 1329
8060 4280
8061 4363
8062 6833
8063 4406
8064 6041
8065 3438
8068 5865
8070 2307
8071 6704
8073 3147
8074 9987
8075 2822
8076 8025
8078 7817
8079 4463
8080 1886
8081 4342
8083 8378
8084 5584
8085 5946
8086 6667
8087 7747
8091 3728
8092 9835
8093 2934
8094 2478
8095 2065
8096 2095
8097 9536
8099 2128
8101 730
8102 6261
8103 8253
8104 5249
8107 6928
8108 5201
8110 4822
8111 5560
8112 8450
8113 886
8114 1415
8116 5126
8117 1110
8118 3052
8119 4617
8120 7626
8121 6872
8122 4630
8123 8493
8126 2954
8127 6322
8129 9386
8130 7921
8131 5760
8132 8831
8133 238
8137 6337
8138 9756
8139 4306
8141 8702
8142 9397
8143 827
8144 2691
8145 3113
8146 2832
8147 6200
8148 6202
8149 9562
8150 6267
8151 560
8152 5020
8153 8214
8155 7997
8157 1978
8158 8974
8159 9187
8160 7598
8161 7868
8162 3520
8163 6989
8164 9358
8165 7221
8166 6789
8167 9086
8169 3550
8170 3275
8171 7046
8172 5320
8173 478
8175 3181
8176 4701
8177 164
8179 6612
8180 9047
8182 2842
8183 2658
8184 593
8185 8876
8186 5572
8187 3811
8188 8915
8190 5089
8195 6646
8196 3034
8197 1592
8198 4173
8200 2046
8202 480
8203 4804
8205 367
8208 8605
8209 2858
8211 5999
8212 8523
8214 8733
8215 8278
8217 7335
8218 5791
8219 3600
8220 5961
8223 2092
8224 2448
8225 3277
8226 775
8227 2256
8228 1725
8229 6983
8230 906
8232 7100
8233 5882
8234 4299
8235 6164
8236 3378
8237 869
8238 7645
8240 9946
8241 3818
8242 1452
8245 1776
8246 2713
8249 3984
8250 448
8252 8972
8253 3464
8254 2203
8255 3883
8256 3745
8257 8697
8258 6364
8259 2536
8260 1322
8261 8246
8262 7289
8263 4740
8264 8615
8265 1488
8266 7860
8268 8114
8269 7555
8270 1827
8271 2297
8272 2302
8273 9743
8274 4723
8275 3401
8276 7510
8279 1599
8280 5110
8281 1812
8282 9459
8283 7701
8284 3410
8286 5782
8287 7694
8289 5479
8290 409
8291 5043
8292 6599
8293 2025
8294 4231
8295 6862
8296 8902
8298 3830
8299 2073
8301 4322
8303 4555
8304 195
8306 2334
8307 5540
8308 7039
8310 3054
8312 3192
8313 1164
8314 6303
8315 7220
8316 402
8317 5813
8318 308
8319 9894
8320 582
8321 7413
8322 4470
8323 8554
8325 4596
8327 8588
8328 9479
8329 6717
8331 4695
8332 377
8333 6214
8335 2708
8336 3079
8337 6610
8338 7138
8339 3702
8340 9442
8341 861
8342 2006
8344 2754
8345 7707
8346 7548
8347 9144
8348 5287
8349 3363
8350 8721
8351 2462
8352 143
8353 2157
8354 7579
8355 592
8356 1526
8360 9620
8362 9064
8363 5260
8366 1309
8368 6378
8369 2712
8370 4702
8371 9722
8372 2814
8373 7929
8374 4537
8375 6385
8376 2135
8377 5648
8378 2253
8379 380
8380 9812
8381 3678
8382 6922
8383 6353
8385 4485
8386 9168
8387 8232
8388 6443
8390 8899
8392 5060
8393 1689
8394 9179
8395 9274
8396 587
8397 9640
8398 4554
8399 6578
8400 5061
8401 1224
8402 4743
8403 3927
8404 2718
8405 3680
8406 2243
8407 5524
8410 4564
8412 9460
8413 5751
8414 4936
8415 2426
8416 773
8417 1630
8419 1823
8421 8699
8422 1357
8423 595
8426 1186
8428 4884
8429 3072
8430 6841
8431 5898
8433 8798
8434 5521
8435 5017
8437 8335
8439 9317
8440 8914
8441 9535
8442 8643
8443 7226
8444 670
8445 5874
8446 3075
8448 8459
8449 2786
8451 8646
8452 7477
8453 1319
8454 6144
8455 9509
8456 469
8457 4066
8458 1699
8459 5441
8460 9686
8461 4347
8462 5781
8464 5411
8466 2485
8468 3988
8469 9661
8470 3203
8471 2768
8472 225
8473 8069
8474 2149
8475 5867
8476 9568
8477 7158
8478 5890
8479 915
8482 116
8483 1515
8484 8362
8486 5924
8487 1984
8488 705
8489 2755
8490 5950
8491 1382
8493 8622
8496 2489
8498 7785
8499 7677
8500 5875
8501 46
8502 9638
8503 8644
8504 8211
8506 3216
8507 9917
8508 5321
8509 3359
8510 7334
8511 6686
8513 6289
8515 1272
8517 8130
8518 9
8520 2901
8521 1336
8522 2056
8524 1954
8525 2170
8526 2176
8527 9259
8528 1176
8529 3733
8530 1698
8531 5271
8532 3240
8533 7036
8535 9881
8536 1633
8537 216
8538 4973
8539 7319
8540 2827
8541 8982
8542 1446
8543 9199
8544 8663
8545 4993
8546 9586
8547 7990
8548 2103
8549 2383
8550 484
8551 4844
8552 4834
8553 3357
8554 1814
8555 141
8556 4608
8558 6426
8559 6634
8560 8269
8561 662
8562 9265
8563 839
8564 22
8566 5784
8567 1882
8568 5590
8569 9109
8570 1674
8571 3531
8572 4700
8574 2920
8576 6557
8577 6335
8578 3187
8579 6226
8581 2363
8582 1904
8583 8188
8584 4931
8585 6259
8586 9790
8587 1890
8589 6658
8590 8073
8591 4445
8592 3726
8593 6331
8594 7048
8595 4279
8596 7423
8597 2449
8598 878
8600 4849
8601 4037
8603 5151
8604 6003
8606 4877
8608 26
8609 7318
8610 9914
8611 9194
8614 7920
8615 3951
8616 2204
8618 6377
8620 4155
8621 8294
8623 5106
8624 9378
8627 7797
8628 9748
8629 837
8631 295
8632 3310
8634 28
8635 590
8636 5691
8637 7685
8638 398
8639 8569
8640 7824
8642 5896
8644 9878
8645 3754
8646 129
8648 8233
8649 2509
8651 132
8652 3652
8654 7716
8655 6996
8656 8072
8657 3184
8658 106
8659 632
8660 584
8661 2983
8662 20
8663 3196
8664 343
8665 764
8666 961
8667 7840
8668 7650
8669 7018
8670 4058
8671 3251
8673 9923
8674 1191
8675 7451
8676 6752
8677 7314
8678 7983
8679 8484
8680 3628
8681 1484
8684 4612
8685 2265
8686 3666
8687 291
8688 4766
8689 607
8690 7259
8691 5225
8692 5299
8694 5851
8695 7582
8696 9788
8697 3829
8698 8541
8699 7595
8700 7500
8701 3319
8702 3244
8703 8949
8704 1928
8705 8994
8706 579
8708 5650
8709 2057
8710 3721
8711 6925
8712 1724
8713 9993
8714 4320
8715 7059
8716 6182
8717 4354
8721 7127
8722 8711
8723 1441
8724 9886
8725 9225
8727 8903
8728 2803
8729 5720
8731 1080
8734 755
8735 6032
8736 1084
8737 7219
8738 352
8739 2185
8741 988
8742 360
8743 3335
8744 3612
8745 2051
8746 9032
8747 5368
8748 8076
8749 4784
8750 6566
8751 728
8752 1323
8754 8638
8755 9605
8756 2432
8758 7672
8760 7991
8761 5223
8762 1844
8763 7828
8764 7411
8766 6076
8770 4796
8771 8874
8774 4565
8775 5832
8776 9131
8777 5121
8779 5686
8781 5502
8783 959
8784 9443
8785 2568
8786 3700
8787 6507
8788 7083
8789 699
8790 9819
8791 2741
8792 459
8793 1967
8794 6663
8795 7271
8796 1120
8797 9653
8798 1653
8799 1751
8800 8458
8801 9655
8802 6625
8803 9705
8804 2526
8805 1530
8806 3092
8807 8696
8808 2498
8809 7483
8810 739
8811 8098
8812 4424
8814 1383
8816 306
8817 6873
8818 8364
8821 7673
8822 7249
8824 6902
8825 538
8826 4684
8827 7033
8828 4174
8829 2774
8830 9841
8831 2621
8832 2227
8833 615
8836 9980
8838 137
8839 7907
8841 7564
8842 7531
8843 5296
8844 3570
8845 4815
8846 5358
8847 6967
8850 8357
8851 9342
8852 4728
8853 5243
8854 9618
8855 8869
8856 6799
8857 547
8858 8783
8859 6062
8860 2941
8861 776
8862 1894
8863 6804
8864 6656
8865 6904
8866 3639
8868 6297
8870 4624
8871 2561
8872 5402
8876 8996
8877 7488
8878 486
8880 4186
8881 549
8882 8656
8883 239
8884 1994
8885 7789
8886 1464
8889 1703
8891 3825
8893 1862
8894 7969
8895 7818
8896 9639
8897 3725
8898 4792
8899 4154
8900 270
8901 9970
8902 3588
8903 5737
8904 3558
8905 4941
8906 9319
8907 7894
8908 8521
8909 4065
8910 4917
8911 4242
8912 3112
8913 57
8914 5887
8915 2690
8918 5316
8919 1879
8920 857
8921 4426
8922 4927
8923 7079
8924 3590
8925 5647
8926 2068
8927 5812
8928 4163
8930 4928
8931 8022
8933 8633
8934 7908
8938 331
8939 481
8940 5679
8941 6681
8942 8326
8943 2766
8944 9200
8945 1953
8946 4807
8947 4905
8948 7732
8949 9404
8950 7402
8953 6497
8955 3584
8956 91
8957 7708
8958 7786
8959 6689
8960 7862
8961 3530
8962 8967
8963 2023
8964 1509
8965 5413
8966 8431
8967 4025
8968 6493
8969 841
8970 2715
8971 1026
8972 8790
8973 8975
8976 4735
8977 4049
8981 5603
8982 2124
8984 2727
8985 294
8986 8542
8987 4891
8989 8518
8991 1525
8993 7998
8994 5966
8995 9051
8996 124
8997 8139
8998 8838
8999 2545
9000 6706
9001 6484
9002 1421
9004 4450
9005 5822
9008 989
9009 4774
9010 4180
9012 7989
9013 3874
9014 4042
9015 36
9016 2470
9017 7811
9022 3582
9023 6688
9024 4574
9025 3804
9026 2015
9027 1068
9028 8848
9029 364
9030 6116
9032 8820
9033 475
9034 4581
9035 5192
9036 5723
9037 1227
9039 3765
9041 1111
9043 4192
9046 5409
9048 230
9049 8298
9050 7913
9051 2877
9052 4167
9053 1620
9054 2719
9055 2215
9056 506
9057 1300
9058 3843
9059 7139
9062 235
9063 5605
9064 121
9065 3591
9066 3168
9067 1219
9068 2728
9069 2804
9071 8930
9073 1071
9075 7755
9076 8621
9077 223
9078 5415
9079 318
9080 1327
9081 1759
9082 9525
9083 6585
9084 8217
9085 1118
9086 3000
9087 7520
9088 2225
9091 72
9092 8937
9093 4828
9094 8263
9095 6429
9096 2606
9097 1838
9099 3992
9101 1100
9102 5507
9105 8314
9106 6186
9108 2548
9109 7869
9111 4749
9112 5593
9113 9843
9114 6168
9115 4816
9118 1250
9119 427
9120 8198
9121 4023
9122 3159
9123 3128
9124 8194
9125 788
9129 4124
9130 1671
9131 5986
9132 2353
9134 8836
9136 3946
9137 8781
9138 5523
9139 8751
9140 4090
9141 840
9142 6154
9143 260
9146 8983
9149 8576
9151 1669
9152 2089
9153 6351
9154 7790
9155 7199
9156 6726
9157 284
9158 1547
9159 4439
9160 7387
9161 1299
9162 6771
9164 8286
9166 8279
9167 6087
9168 2369
9169 298
9170 4734
9171 9955
9173 6301
9175 9102
9177 1830
9178 3495
9179 4769
9180 9487
9181 1989
9182 5873
9183 9117
9184 4742
9186 5520
9188 1360
9189 7155
9190 6146
9191 3985
9192 1646
9193 7944
9194 7608
9195 108
9196 4892
9197 8574
9200 9939
9201 8935
9203 4480
9204 7652
9205 7509
9208 8107
9209 8019
9210 6216
9211 8381
9212 9818
9213 5269
9215 6083
9216 1788
9217 3284
9218 1762
9219 7975
9220 321
9221 1963
9223 5179
9224 4894
9226 9123
9228 4909
9229 3706
9230 5801
9231 9456
9232 9452
9233 7873
9234 2740
9235 6901
9236 791
9237 1478
9238 6110
9239 9149
9240 3384
9241 620
9242 8723
9243 8759
9244 1893
9245 6930
9248 1645
9249 7686
9251 5304
9254 9989
9255 2197
9257 5362
9258 1340
9259 3663
9260 6753
9261 7281
9262 7743
9263 5052
9265 29
9266 9463
9268 4134
9269 1815
9270 5478
9271 1711
9272 314
9273 8887
9274 9440
9275 6106
9276 6428
9277 5129
9278 229
9279 4601
9282 9549
9283 1594
9284 7030
9285 905
9286 5987
9287 96
9288 2352
9289 3980
9290 4168
9291 9697
9292 6480
9293 304
9294 4751
9296 7266
9297 6943
9299 9552
9300 5761
9301 7681
9302 6980
9303 4240
9304 6045
9305 7778
9308 9003
9309 1975
9310 5729
9312 6972
9313 4351
9314 511
9316 5236
9317 1394
9318 885
9319 8750
9320 1899
9321 2106
9322 2612
9323 466
9324 8954
9326 5714
9328 3467
9330 2710
9332 1947
9333 3675
9334 1909
9335 4790
9336 2035
9338 110
9340 2569
9341 6817
9343 7618
9344 6713
9345 4315
9346 724
9347 7592
9348 2344
9349 5631
9350 1833
9351 546
9352 3053
9353 9903
9354 3870
9355 2349
9356 5895
9357 5205
9358 810
9360 7193
9363 8923
9364 9907
9365 7987
9366 5933
9367 5538
9368 7105
9370 617
9371 4529
9372 1754
9373 2224
9374 6011
9377 3975
9378 8639
9379 81
9380 6831
9381 8805
9382 8508
9383 2929
9384 4466
9385 6307
9386 2826
9388 2875
9392 8191
9394 3371
9395 5690
9396 4690
9397 3173
9398 5945
9399 4697
9400 4631
9401 625
9402 912
9403 5475
9404 6879
9405 7727
9407 8931
9409 6025
9410 8828
9411 7204
9412 8807
9413 6781
9414 1304
9416 6273
9417 2120
9418 6720
9419 8568
9420 6395
9424 2480
9426 1325
9427 7560
9428 6986
9429 1606
9430 9503
9431 3880
9432 4658
9433 5923
9434 2530
9436 7149
9437 2904
9438 9453
9439 49
9440 3198
9441 960
9442 3929
9443 8774
9444 2463
9445 4940
9446 5660
9447 4679
9448 9083
9449 5051
9451 4542
9452 4247
9454 8613
9455 819
9456 6506
9457 1165
9458 9000
9459 7469
9460 3060
9462 9118
9463 5301
9464 7639
9465 6376
9466 3194
9467 1710
9468 2781
9469 5105
9470 3394
9471 4546
9472 8045
9473 687
9474 6365
9477 8665
9480 828
9481 5176
9482 9366
9483 5428
9484 8068
9485 1884
9490 7952
9491 4953
9493 8755
9494 1281
9496 5041
9497 508
9498 3299
9499 3681
9500 6487
9501 5242
9502 4352
9503 9063
9504 4404
9505 1518
9507 4292
9508 7612
9510 990
9511 6798
9513 1817
9514 23
9515 1772
9516 2400
9517 6004
9518 8771
9519 8997
9520 7806
9521 1079
9522 611
9524 8992
9525 5674
9526 2331
9527 9236
9528 4672
9529 7846
9531 365
9532 1532
9533 1065
9534 8803
9535 5849
9536 5856
9538 8236
9539 7591
9540 3211
9541 748
9542 6017
9543 3372
9544 931
9545 7634
9547 6973
9549 4829
9550 6998
9554 1208
9555 774
9557 5532
9558 7168
9559 5559
9560 3855
9561 5592
9562 4323
9563 4222
9565 7418
9566 7512
9568 9027
9569 2730
9570 842
9571 4718
9572 5534
9573 7403
9576 6853
9577 8898
9578 4572
9579 3859
9580 3138
9581 2614
9582 6562
9583 9941
9584 9695
9585 4413
9588 3844
9589 2202
9590 4
9591 8782
9592 1286
9593 5566
9594 1489
9595 904
9596 9466
9597 8620
9599 6324
9600 5876
9601 4458
9603 1607
9604 8097
9606 3753
9608 2430
9611 2081
9612 9687
9614 1763
9615 2992
9617 1172
9618 4666
9619 3941
9620 1971
9622 1067
9624 5668
9625 4495
9626 3341
9627 5833
9632 6488
9633 5112
9634 80
9636 8868
9637 570
9638 2454
9640 5308
9641 2596
9643 4861
9647 2071
9650 9218
9652 8821
9653 1151
9654 7649
9655 2907
9656 2885
9657 5341
9658 2271
9659 7016
9660 3466
9661 7938
9662 1683
9663 1609
9665 973
9666 7380
9667 3551
9668 346
9670 7303
9671 9782
9673 9892
9674 6047
9675 4741
9676 4399
9678 4920
9679 1344
9681 1093
9682 5694
9683 4802
9684 7568
9685 6215
9686 2648
9687 197
9688 3373
9689 1400
9690 2434
9691 3553
9692 88
9693 7285
9694 4949
9696 5132
9697 3871
9698 7561
9700 4238
9702 4152
9703 6606
9704 1849
9705 6409
9706 4286
9707 8021
9709 9240
9710 6302
9711 9216
9712 6937
9713 8451
9715 8128
9717 9579
9718 7837
9719 8932
9720 8825
9721 9587
9722 6113
9723 9445
9725 3619
9726 2386
9727 8360
9728 5115
9729 174
9730 1372
9731 9430
9732 676
9733 1451
9734 8586
9735 631
9736 3474
9737 5763
9739 6793
9741 5957
9742 6824
9743 4720
9745 3308
9746 7202
9747 1241
9748 6389
9749 7315
9750 8423
9751 4002
9752 6877
9753 9682
9754 7986
9756 1576
9757 4204
9760 8509
9761 9984
9762 4848
9763 6882
9764 2624
9765 1157
9766 9659
9767 8082
9768 6148
9769 7880
9771 7689
9772 9367
9774 494
9776 7336
9777 3849
9780 3967
9781 361
9782 4583
9783 4721
9784 3416
9785 6257
9786 9170
9787 3460
9789 1943
9790 5859
9791 8165
9792 6765
9793 8003
9794 3312
9795 7379
9796 3602
9797 1214
9798 4415
9799 7719
9800 3153
9801 4638
9802 7045
9804 2359
9805 9040
9806 4430
9807 8707
9808 8187
9810 4591
9811 6473
9812 7594
9813 7912
9814 8870
9815 744
9816 3835
9818 6932
9820 6859
9821 7857
9822 9347
9823 9061
9824 3587
9825 8342
9826 1937
9827 5222
9828 7528
9829 7687
9830 4312
9831 5432
9832 338
9833 1580
9835 6159
9837 2813
9838 3739
9839 7610
9840 9162
9841 8553
9842 6432
9843 6526
9844 1366
9845 6538
9847 4514
9849 891
9850 2158
9852 7247
9853 2000
9854 7311
9855 7071
9856 8281
9857 5586
9858 3715
9859 1295
9861 918
9864 2484
9865 5491
9866 7885
9867 1207
9868 2438
9869 53
9872 7394
9873 5635
9875 2234
9876 5196
9877 9973
9878 1889
9880 9161
9882 2724
9883 9884
9884 8483
9885 5444
9886 7195
9887 5892
9888 131
9889 2231
9890 6073
9891 2659
9892 8452
9893 3705
9895 6181
9896 9322
9898 2924
9900 9110
9902 7508
9903 5967
9904 583
9905 1982
9906 2649
9908 2860
9909 7355
9910 8529
9911 4846
9912 7113
9913 4755
9915 9015
9916 5575
9917 9875
9918 3970
9921 7377
9922 3740
9923 6699
9924 9588
9925 5163
9926 9075
9927 2534
9929 7827
9930 1461
9933 9469
9934 5612
9935 6057
9936 1549
9937 282
9938 8249
9939 5749
9941 4482
9942 4254
9943 9078
9944 7497
9945 4256
9946 5315
9947 2912
9948 47
9949 412
9950 727
9952 95
9954 6880
9955 8684
9956 7153
9958 9863
9959 9723
9960 4618
9961 4619
9962 8349
9963 1795
9965 6055
9966 2393
9967 1277
9968 5141
9969 901
9970 9107
9971 12
9972 8885
9973 1835
9974 5816
9975 1199
9976 8837
9977 3693
9978 9247
9979 4428
9980 9827
9981 8242
9983 5677
9984 470
9985 6604
9987 5330
9988 6711
9989 8467
9991 7953
9992 5935
9993 4016
9994 9539
9995 3635
9997 9408
9998 5904
9999 6152
