84387 236200
195126 204579
309085 137901
96537 95934
31689 131211
253860 86161
25687 214491
41721 94705
161452 170529
330667 142249
193453 229791
295266 317036
149611 116160
161452 170529
144205 229904
254460 154443
204691 189579
314290 176714
161452 170529
5224 274205
140655 318944
199268 160271
160271 131154
164645 211264
173778 305224
202359 111411
276774 192982
35684 190295
184322 97569
273501 191504
208579 186547
168017 205440
205405 214603
258460 7444
168017 209646
211340 216401
260299 89897
169060 164575
185575 191311
188019 213460
189255 178240
279104 274120
271857 305314
152293 192244
123488 122266
161207 220613
188132 280902
222801 211695
216020 257799
199268 180541
214001 253466
113996 104382
187453 306057
133816 295778
28161 129336
203090 86092
184472 200118
185119 180541
28572 183623
264872 171479
203323 330044
154777 72268
168468 149055
51349 116134
199268 180541
183238 213758
86644 217997
114852 129361
214924 190701
196760 88667
164704 305173
235663 199263
264989 155063
53305 317280
85409 243863
283513 149054
58698 139242
296820 170807
90829 199263
294152 228389
215832 212748
94719 291351
304291 26609
193901 202902
189770 168046
239826 272199
198645 170292
164568 70532
173785 161744
258464 293124
214924 190762
283513 149054
205671 297213
165901 201058
335043 244389
161431 223265
232856 231233
223079 211550
299080 200920
126245 199263
272106 253067
63738 77063
194432 185005
164575 205440
265016 165949
220775 215236
316935 196978
106018 117872
271461 89971
229904 257744
129377 132631
52121 20628
127287 43218
116472 110245
126946 250278
131151 86161
186859 143578
168784 103510
254076 100307
178741 203248
140728 274205
191458 7188
295265 46572
214005 167338
233843 311380
199594 290310
305885 154374
20950 189224
92898 309818
168685 272199
184623 183684
187193 157945
165672 125882
256571 237129
214000 188094
125902 303482
201526 155991
106152 143576
31059 45050
217458 203448
232917 85868
306063 305224
69444 205440
220863 167212
171430 294324
205475 131664
138043 148207
194821 306829
190640 294117
192123 196634
201210 193107
291644 173486
314290 176714
232236 294304
131585 214003
177304 144117
164568 295587
63201 214921
131300 230651
208920 131744
199273 22981
183103 165513
23823 334168
126006 215236
171028 200118
193107 89465
189585 8799
131300 230651
190302 166036
86161 77091
184826 297916
23112 23123
138088 27536
53646 301083
326135 274205
90829 301083
164679 191964
117182 131998
63201 87702
189584 272296
100307 209285
177145 188673
230134 232620
89842 178240
174555 199048
189553 193308
166962 125675
199288 297058
41590 168609
232922 294112
86161 301083
165409 215236
181568 184677
237892 233843
189005 272238
211487 194162
91939 89440
223701 175742
206429 189224
264989 178683
33314 31686
336395 142249
152293 192244
152832 140573
293266 26453
223168 204559
284904 6010
129943 204559
224628 274205
273507 155342
207812 290971
135063 20906
240878 299080
155059 161091
208602 178712
228512 189589
229904 65114
85783 300525
264989 178683
128057 81702
251023 36472
115417 100307
212833 156955
196880 41501
272196 311580
229816 131160
214321 296836
195093 89756
89926 207803
34702 272199
270887 299713
229904 266226
305224 187564
164575 205440
149054 198152
297583 194485
82299 272302
293121 216160
24145 277463
173565 211336
199132 185432
24490 132634
210512 198945
206805 86161
232469 233843
210413 297017
207640 77170
84291 274114
194320 50104
174555 199073
97716 84334
209624 174978
110658 86161
190347 221575
140728 274205
101352 188201
127724 180175
190708 233670
143576 188019
210413 297017
205440 81727
149607 107464
272296 190765
26353 304302
143607 199263
194295 250143
170013 228689
297073 305224
190726 200118
23512 165901
253866 92339
240878 149619
295246 244085
100743 215236
174555 300013
147294 166784
336395 142249
188234 305846
305747 131691
306306 231158
187902 6922
219354 210167
187264 154753
218394 257799
275015 118571
62722 14091
272046 45050
65364 272199
190210 268009
272384 302606
209182 233670
272403 148041
228788 139454
215198 214000
273971 61819
165897 211339
165074 206048
229904 90870
336395 142249
305223 132493
291463 91896
177830 272238
34933 272241
169404 131969
60146 49988
295326 126336
199268 161744
6922 297216
171785 208570
45446 232615
272196 63556
299080 200920
140732 274205
264989 306829
323024 208602
305223 132493
187264 185185
176843 216314
257935 65107
120613 271921
296671 274205
193810 194421
217478 293145
233681 305224
24269 61819
185350 143983
171171 215236
197644 307724
197174 307724
264989 95511
271882 207611
303542 45050
161744 153944
201261 211336
220775 215236
279104 274120
104382 64796
92937 178741
104382 64796
271882 207611
185640 116478
272227 172045
300002 153944
203997 175930
106746 63910
131925 165208
229904 127661
336395 142249
240788 180180
196937 29061
202284 48177
216020 257799
155070 199263
185509 142476
86161 205116
219317 258458
198970 131969
146089 155076
200407 131329
255333 47977
206819 190726
196735 128087
293706 204165
47866 84339
174378 204556
104798 212577
252779 229904
143607 199263
182699 30228
214008 204178
293121 181355
165373 187474
190347 305224
279104 274120
143607 199263
177515 240990
65452 68400
206197 206984
252779 168609
164679 191964
89761 240678
89761 240678
116867 215236
295265 202136
131954 191362
195233 127977
97783 266978
86161 301083
149055 81666
165901 132562
192313 184199
140977 86161
264936 131835
143578 295587
189579 205440
143607 199263
143576 271443
296512 87836
105941 60559
194821 306829
201261 86161
153038 312467
179071 203126
172057 89032
128934 271367
84334 177897
50676 257799
131967 190380
203114 218221
168405 167372
140134 157319
336395 214921
186018 190302
223121 309085
97115 78198
220937 255337
201526 155991
217636 142476
233681 86161
203369 297904
310584 154342
23646 180541
235814 263303
69994 313113
211344 163708
193619 296370
304789 104508
127212 47233
105933 203470
172006 306829
126050 175742
159598 191311
264992 188094
296899 204282
306306 280902
305219 86161
293284 268030
128781 212577
207522 7277
196004 251518
289903 67905
203507 171731
176623 166229
89912 100307
160409 20628
191481 63853
240790 280902
203507 171731
215832 205440
141043 306445
26609 189579
301013 171998
291734 260897
172006 20773
252628 233670
290741 293111
186964 212577
89481 172588
309085 133991
43323 64785
178712 114076
200055 200118
293284 268030
291983 199528
49955 214067
200055 200118
211487 194162
229904 90870
193243 274114
138085 183099
155076 199109
193944 227885
135063 20906
203060 108432
168756 305224
174555 234712
228523 160322
192972 185005
175231 203722
6599 194485
161532 203062
234730 132610
80404 312958
310586 39857
189423 156078
89926 188709
98063 305660
300013 206619
199049 20762
42262 106517
209120 142476
107467 180279
302478 117056
193418 219176
183241 189000
279104 274120
214922 131160
90026 197431
273971 61819
214921 90781
305660 203760
172208 332064
254460 154443
99122 49988
272196 63556
45446 232615
132566 187111
255352 95934
128057 67484
251726 66421
206887 184416
127586 219071
138091 222228
231159 296820
205405 214603
20906 110099
208683 241072
274080 61719
131211 127071
136788 153093
272227 172045
204691 189579
187264 154753
196760 88667
131141 202925
83214 205116
316636 202925
201492 189867
199268 305224
126385 200847
58949 259204
117892 253442
231036 37216
258546 177144
258546 177144
192912 144029
128883 84964
160006 143578
296625 253495
190178 74956
58949 259204
190208 191504
171999 172045
295530 158205
167165 172505
295265 223886
267426 222124
169578 190701
238361 79675
43712 138848
182363 100307
127578 163717
84964 176974
164575 132610
174211 35017
204282 191180
162242 116488
191741 306829
154380 200118
63760 55877
89761 240678
295266 173423
196641 209979
86161 301083
296628 207008
220613 190726
115895 306097
176912 218770
108363 63853
131156 271172
205859 24324
183241 192257
230488 296836
199064 191311
309110 178784
223152 293246
209911 86161
296625 65168
207230 155345
132149 130918
286342 235646
224800 337123
158302 52587
323684 302648
132459 187053
56659 244442
206333 190701
170013 231944
111129 67935
84964 135394
202694 149054
65250 86161
204282 149054
270928 192244
202382 131969
157003 205440
204446 200992
184704 217997
306374 139873
224400 80096
230757 192607
242597 102593
135386 115725
199783 215127
187921 156904
152734 209696
178925 199283
7033 203248
97022 176119
178900 192244
189005 305224
99167 313614
155076 251726
172256 171066
186964 166727
185506 199263
183088 165513
109725 116478
153038 312467
272197 311580
264852 212577
268211 158863
217459 253466
106793 183035
212474 230440
21319 302478
167129 294624
228985 229904
220612 174978
203507 171721
158770 305224
231385 204252
149289 165454
190713 265081
184633 208159
170807 64785
143607 199263
109142 187773
81726 106735
203778 219785
131905 52587
203074 132745
180107 177459
211152 217633
218532 169897
64125 181294
142254 128043
167730 214020
336395 142249
207640 250278
185367 199662
138087 234730
213010 102994
185119 43111
194150 272199
197208 210919
177404 252628
157583 185684
296743 206887
238361 217997
304902 272301
153469 326891
35095 209285
118503 114796
65453 125879
301713 199109
115312 305224
191741 215236
268761 204165
229394 144029
110729 237906
131956 271752
86656 175742
103965 102448
201135 223265
131141 202925
256446 171479
114118 89971
207249 160322
283469 274205
65814 213758
183103 189000
200586 305224
175742 131998
159598 188997
156404 279226
135386 78887
218798 203118
140728 274205
185351 306829
300847 214921
110584 267941
222698 233670
197795 162336
198032 271443
187453 86161
81733 220670
229204 150983
185043 89020
203090 91912
214921 131370
132159 132591
199267 308306
233843 148901
192244 158139
233330 186143
191542 233924
178707 132562
271882 207611
171178 217817
99819 87702
14246 178220
204622 227921
199662 170794
41597 192257
177596 223698
230353 131969
273498 26609
230353 131969
172006 205859
20406 192264
159521 84964
160270 131154
199359 215127
115312 198006
290926 203760
165924 23834
109449 100307
209428 109048
199744 314557
131550 113316
255628 115365
207400 86161
45050 112414
222698 313614
228533 307724
230729 24167
203507 171731
295267 254419
56948 84016
130380 127326
63148 165009
45050 112414
26928 140254
69632 134412
306306 205652
201805 133932
21529 194374
193399 23123
264989 159002
214545 231943
131211 305224
186133 206333
224830 177744
212564 89756
272317 189575
200205 214598
222698 313614
125865 191946
306451 128087
45050 112414
163801 295547
191447 207620
273317 26609
335132 166867
222338 271921
214023 200992
86137 183929
264989 306829
165924 23834
186547 207322
232626 230651
134202 78646
219785 217997
143576 176860
272360 153944
177476 220009
214484 202220
200468 205307
196646 217997
53305 199797
214061 259516
199176 204579
253490 133425
221815 293346
116580 190376
126139 202220
317436 191378
199286 132745
186994 172045
131991 63556
205834 200992
166036 80755
89756 93080
302478 148936
289903 67905
199176 204579
137373 212748
23635 182124
219924 42635
187152 236205
174978 47576
224581 52310
80072 285437
114834 193245
178220 205307
81562 189569
158863 6010
157695 157681
79892 138088
199176 204579
211344 231375
265901 225580
306306 210451
83440 86161
201178 126370
203703 215188
126050 64455
253490 133425
184323 306064
267426 222124
184416 202204
152874 334168
182746 315013
204595 306829
116470 321069
188019 189000
180585 198006
240878 299080
207373 86161
174269 230377
233843 134412
264982 136813
133401 301676
296628 34669
31076 49473
222775 90026
312411 132591
56032 217997
188500 114020
166959 166044
200097 295622
165311 187586
222775 90026
193245 24056
271885 91585
155071 148395
131273 200118
290741 7033
208049 171479
213259 219283
55988 233843
221597 203470
23202 192912
95819 115365
328125 138088
21462 280902
232687 197500
241057 81734
192007 170023
265432 240905
64150 21151
168716 230590
328125 138088
203061 169734
291643 212577
189312 67948
157681 90026
186839 190701
229416 189772
297900 165009
235924 209285
140728 274205
64139 149055
155070 116262
172045 169548
254172 278849
324089 183793
131795 30228
293111 290741
188478 26609
26453 193769
200467 126370
165672 295587
204627 175742
284513 102817
186034 184589
198032 56659
230488 229904
267574 149611
42635 253092
169578 190701
277996 111411
189373 272366
147578 107464
294636 203722
198006 233843
293121 92849
296810 235875
290202 178741
192244 169637
273989 199263
199268 272366
136169 197783
63295 102610
299361 210104
20773 306456
309980 184417
208571 104356
190347 221575
112005 9177
190214 311580
223830 197597
168861 88084
186899 109246
183090 192257
138088 24167
113352 171392
254172 278849
114840 194162
97777 46190
90781 215236
7188 294624
131211 218532
149596 330368
187912 200002
284102 191718
90781 215236
23635 182124
179161 203863
20773 306456
219702 166739
113996 104382
254172 278849
216512 257799
63588 227902
200454 197783
33628 296052
296628 162712
129571 23503
112005 9177
115525 149107
67773 90870
178697 326139
161223 1868
138085 240101
192244 205440
179515 239305
174221 223265
273989 199263
189872 156066
324657 299713
67457 218307
155070 199263
131851 114039
204739 65168
66129 83923
58266 275190
197338 206887
208571 104356
190295 213758
158499 1876
66129 266983
224591 197597
166036 191377
264989 273522
131211 157605
302013 223698
205419 23123
149887 273498
69563 117196
183044 296052
149887 273498
94719 291351
170534 20628
191645 223698
169948 295547
191555 86161
28452 169498
191630 20628
169361 149055
173560 23123
132634 144029
58682 209979
203085 192244
127581 143578
28452 169498
194320 180566
171721 233670
177596 82178
171097 182971
142249 203997
305791 187564
109094 100307
65729 90870
193072 305889
95567 94629
203090 188019
192244 158139
105407 111411
69234 273522
95511 220613
196639 272199
273504 221858
89020 305224
26576 191627
65557 305224
172208 131989
191628 90870
150479 160314
189312 67948
252779 168609
229468 260352
206339 212748
203703 215188
108404 253067
223531 203997
204200 271165
184416 214000
301113 193399
100911 199263
26264 188739
128883 190312
1868 306829
164698 313891
219410 216938
213433 233670
305219 86161
65302 101112
274897 81734
158283 273479
295270 207102
67962 196634
89449 61819
173565 167165
231943 235875
124728 216401
99427 324590
295337 61719
301113 193399
116368 101921
205405 167372
207518 250307
202017 232808
304712 304069
203648 236200
132566 172045
195804 214398
191627 217997
272199 305223
303877 26609
231091 169612
185198 188094
272362 199263
177850 177210
55877 7922
20567 301083
191458 7188
292736 305224
187850 71745
309078 102593
65630 89794
169414 34669
216825 44778
140728 274205
114121 273971
193067 22981
23202 105904
217636 247278
125882 200876
32084 208030
89050 669
159850 229904
192007 171051
283634 283662
84574 97001
233843 148901
94563 84972
190302 219071
69683 171087
240112 199175
6692 221815
24156 191857
223482 292952
264982 136813
140728 274205
273912 214921
204200 271165
140728 274205
264992 97623
142865 100307
300314 217997
91934 35017
227921 192244
295587 211339
304584 295587
205805 215236
317036 244085
295286 268761
174554 194778
25300 219047
201191 126482
257799 214366
268029 200118
207971 199263
210688 199355
316836 217738
220785 177226
335201 97001
302829 95170
217632 247278
275309 184101
191751 190557
158753 126946
172837 148082
164793 143578
213032 171447
272227 172045
117281 165741
136740 136810
168993 205652
220944 22947
257935 65107
105457 111411
90829 190376
194082 156066
297749 306829
184416 204446
107018 191383
197197 180566
171199 97106
113032 206048
196760 88667
92897 210160
136745 136810
228883 214565
176898 265877
304712 234730
275423 279678
129361 245090
116470 169934
329502 196099
189255 271026
199442 272296
170691 174182
26353 143578
166038 199263
199283 198006
209911 321425
221517 271237
97001 290345
257255 211550
110245 224802
36533 110825
164575 166793
202872 207620
100307 294324
152295 294048
221517 271237
143576 203552
182146 165454
35154 203997
50687 208803
160743 100307
220562 202160
189584 216283
188594 215841
304069 206048
78956 190465
109865 90426
219176 193418
71789 180129
309704 154358
113394 290143
234729 304712
7922 233670
174560 192244
157681 90026
189368 305224
100976 92180
111477 198006
140728 274205
198902 305224
271882 207611
165398 199263
205509 20406
142248 104385
161060 309669
187628 103977
256506 263203
295246 207102
189569 86161
126927 149611
60457 336160
305802 211336
178892 215236
306829 139744
252794 77455
233624 165402
97655 144155
190696 199263
71956 272246
132149 130918
306306 231076
214000 186294
183094 150037
28061 198458
269811 163703
216946 73212
154402 178890
63196 132259
219502 298702
294896 193944
97369 28521
44975 332655
152295 150467
169606 167719
131160 176891
65250 189350
223406 326668
306306 125904
201841 131969
178388 217997
95567 94629
213460 206048
302914 294624
321002 192244
147089 26453
31695 86761
309085 189318
295270 81130
238361 192244
128980 111694
233588 326454
80766 298456
203997 212748
160165 218770
126946 192244
28650 110245
194320 180566
306299 247612
316636 43156
231036 37216
206665 293209
131398 176278
30896 303793
235303 184449
106152 143576
117280 267796
165909 323157
209052 238698
313691 138848
198945 305224
144155 38461
143607 199263
168784 103510
309081 180566
264841 125675
264989 273522
295609 194572
265388 220070
249600 45050
264800 183684
205307 213970
273989 199263
199268 185684
271637 207759
258795 208882
306063 305224
143607 199263
90781 215236
150479 160314
180106 220009
235924 209285
204093 103510
212748 126946
299080 200920
126385 63853
199063 66146
257415 153469
149611 267368
249600 45050
187464 45050
166264 205440
100182 208638
197602 172535
42368 204089
64069 195367
5958 71789
88269 146146
98544 39223
175923 221714
223766 176245
187453 304884
223153 177744
264989 306064
200118 131998
150282 233843
223482 223698
129929 294624
90831 221622
209533 300013
302013 34669
214454 167690
7255 211343
186547 100307
100389 190465
172006 153944
191463 170024
138087 183099
292736 140732
237244 274205
264989 190632
299086 106022
88525 206200
326135 274205
306451 128087
114889 115305
158667 149054
192119 206805
175206 172045
63323 65414
140254 150534
183359 118743
335856 141375
216382 206984
69860 324590
41590 98489
180107 177459
130842 131969
55375 290640
255561 256402
55375 290640
167816 64516
174979 27961
205805 215236
272241 149055
200118 131998
230707 229904
95062 63556
223907 177744
95612 149054
193643 297476
114889 115305
66462 87886
158863 131631
174557 69785
188234 126807
33744 239665
273169 302368
202225 143576
181588 298503
313614 128957
80844 250278
84251 87886
267192 61086
253344 131722
287366 287387
305887 206060
197208 210919
232312 205453
188222 199711
106018 214853
173565 211336
166684 215236
192933 199263
193112 216392
267434 184223
268761 205859
142814 131795
62249 218259
93385 272366
271172 306829
214067 7743
295521 305886
28480 83614
131902 179967
164142 186144
229643 190376
203481 184416
109409 198006
161091 199263
190980 131154
238594 45050
238361 192244
191627 192607
158667 149054
165904 305224
245668 106831
116580 190376
205026 100307
268118 19170
233843 205652
171056 268050
306306 125904
149751 173645
223265 78194
193052 214009
126022 233670
214921 102593
65814 213758
291135 126482
290288 173086
140728 274205
166036 190302
86161 268774
198032 271443
129377 64511
199056 95934
205805 215236
177873 303824
316935 132562
49955 274120
132562 201217
80844 229904
140728 274205
178631 260322
202902 253476
26353 272440
132673 317036
129377 64511
196760 88667
69994 313113
313691 138848
274487 95934
77491 296836
132323 203085
182736 293654
189589 131998
193243 206399
166726 200118
293064 221779
156078 132259
197567 165901
211048 90870
326135 274205
200117 202590
175693 215124
175693 215124
116705 192257
189566 316659
233843 112414
23213 302648
140254 150534
185126 193399
228533 131969
190691 77071
174555 300013
175695 215124
159948 138426
56948 84016
58826 336160
60578 155369
205024 156904
49955 214067
86656 196634
148901 337123
220779 272383
233467 290580
176261 81130
220612 305660
120386 14009
84964 176974
203995 204997
200748 233843
188188 273501
155813 147145
210462 217997
94719 291351
316636 43156
102553 217997
185043 104515
188700 264935
136613 254419
39383 130955
295700 30583
232615 24167
302478 139849
196639 272199
321069 157681
154777 193095
229792 231385
82242 173645
185509 138432
204679 65114
132480 26609
158667 149054
132480 259516
204679 292042
162635 175742
212862 144029
173477 291350
207102 39417
128883 26609
131851 229904
160006 143578
164568 159447
302013 34669
203351 221190
84333 305224
90870 272196
268204 306445
305440 189000
233843 134412
173423 133171
271443 144029
187453 149578
182671 176714
183241 189000
316636 43156
172821 216392
215543 209285
185728 215236
266408 44649
200118 132634
295609 42262
200097 272362
143578 194485
20628 107767
214921 102593
187816 149611
203062 43156
198052 144204
45050 156078
85337 188739
302490 233670
266408 44649
229643 198928
215101 258609
161580 149596
293121 216930
186970 6556
218487 234729
219785 84333
158770 69563
189107 126829
116470 169934
305660 212577
224925 306484
208800 184199
270931 205859
267318 206664
194486 192244
182910 221668
190295 109539
279104 274120
217700 131969
205405 305224
191353 100307
224925 306484
291647 212577
131329 305503
86161 191452
265388 173423
127971 197956
203060 186899
86161 191452
159182 298456
204282 149054
63569 204349
170794 179242
253447 191319
177545 143576
180578 189677
194209 218532
264861 198856
205712 213096
269787 130846
229902 200118
159975 45050
185486 192257
193753 306829
293254 214603
115649 206018
55877 7922
182995 190465
233843 104813
191452 192244
271882 293174
198819 213758
99819 208638
198508 186547
191452 192244
191502 192244
7277 87886
167794 268907
204446 200992
287450 91635
140731 274205
96520 197956
130935 229904
55877 7922
90405 131969
67006 183241
317614 192244
182680 265452
92777 131858
173077 160505
299591 215236
149055 120757
166227 200118
196646 217997
132745 194486
150534 136125
164439 180100
185450 315013
46123 203997
297057 203369
317614 192244
201846 95714
30633 100455
60457 336160
185005 217401
28452 169498
206760 131969
182908 22981
296281 131835
187453 306057
165074 189000
230344 273505
197811 290459
119717 129361
161941 52709
157687 45050
55087 118152
207835 213758
194143 195991
180180 159002
155342 167495
167131 236263
142249 177539
240966 317036
77800 95511
204282 149054
150479 160314
209575 153924
206004 206981
66903 156414
182971 171097
160005 177596
306831 201058
278385 117184
90641 28572
204282 250143
115061 108411
209971 50676
100662 50514
257420 148914
189232 193634
180578 189677
190347 199043
205987 229904
192772 193308
230344 273505
306063 305224
209852 268049
20684 43896
135129 301045
264992 167385
84334 216764
204282 268050
212748 126946
241003 241022
160027 215236
42784 86761
188404 149611
203060 306829
188739 189000
58266 126946
297749 217997
178120 133171
272047 191746
80688 61473
33024 67536
46821 28572
35684 187640
295265 274445
131961 294326
64785 90870
124031 176759
115624 69785
79655 177596
186962 149611
192123 215236
44886 303877
65557 209800
171705 211264
189579 30228
131329 144029
200748 233843
199268 189000
131480 229904
206386 176714
205979 46301
206386 176714
132244 175742
97022 143592
304712 229904
188467 250650
80844 163703
209080 217997
128980 210451
285430 150988
71745 149107
203360 303872
223213 293124
6922 221190
165672 233924
273498 106122
214477 203167
177596 82178
255333 47977
65741 84387
267480 26453
219463 272199
194486 189005
69994 313113
149057 210451
189770 293124
208351 254111
148041 105876
179967 214000
317436 190701
179442 132329
210100 214020
143578 295587
223081 144029
210435 311580
253499 272199
228467 126266
189587 202160
89909 167280
178890 160898
203997 212748
196639 272199
199056 95934
199065 168012
192855 199073
229468 208639
199056 95934
121087 123136
250496 112605
156992 187183
165903 305224
251726 190296
160265 203997
253081 229855
187719 247278
271466 105530
21484 166229
302489 133960
241264 225704
199265 69563
65814 221622
157003 169616
301083 26788
251726 190296
62036 192095
22981 161091
209911 44778
168766 178784
318978 200456
186479 293124
281825 1868
77170 74956
198819 305503
233843 205652
165672 199043
204557 200456
132017 296875
289432 49988
240119 185991
234823 291929
305886 178712
8144 257420
132856 100307
149607 107464
279675 285437
234693 42262
150293 214009
57039 94521
295263 229714
210098 102994
187474 160385
164568 299752
271811 228689
237918 269830
263295 215528
36050 34541
161941 167976
313557 287775
87886 65991
294637 198006
185511 61719
183044 293124
94719 291351
240092 223613
150567 151268
61946 205453
294163 190295
102288 199004
129112 189224
316836 203448
222543 294624
200645 186899
161335 244085
150567 151268
144021 213758
189589 77800
203789 193107
229468 55932
214921 131154
162967 193807
323124 231158
166784 21529
149611 45050
21862 154774
195987 268049
69393 77081
134046 207748
63196 132259
108465 236200
183245 106317
178240 229904
188094 205671
90641 28572
167470 295598
219924 128926
149611 45050
64763 29943
272197 306829
189579 216283
335176 183650
214477 203167
197208 210919
148901 186143
81175 100307
38998 19660
131969 229365
210526 132745
203724 84016
190716 61299
299656 61819
240229 132017
168393 200645
185233 171097
187465 144029
211487 306831
231415 189696
83214 12032
103151 191452
213460 132653
28656 296875
222172 127318
305660 293346
295700 30583
26764 149039
205712 158863
209911 217997
139873 103629
202317 299713
60457 336160
199283 198177
97799 217423
210447 200118
275626 143592
229904 194165
195987 19660
185506 199043
218507 293124
168759 268761
6156 200890
113142 189103
215842 231936
233467 326454
203073 215236
185672 131998
304791 81130
233588 326454
132723 189000
89926 178784
148643 271172
206563 297338
298902 146085
189589 189000
187816 149611
64737 212577
298456 298206
116362 301639
272238 217997
132647 228967
164568 159447
127586 130934
258979 305224
258491 266433
294155 156992
272199 229904
165903 305224
253500 97451
134776 272349
32902 126125
145466 65573
272339 189005
186962 198737
95131 104382
116976 189867
131781 220613
138810 159447
291644 93735
233843 104813
221430 171408
214630 87702
272339 175930
207188 209800
273912 214921
131939 178619
194485 132634
293346 221815
223160 167730
190960 203081
272338 138088
227921 131813
68775 189005
183245 186682
295246 176346
95128 156414
173074 132115
197908 21151
217494 188019
245539 272339
113096 228357
207188 217997
291365 45050
103151 110701
217917 131969
239886 257420
68775 189005
291542 274205
229643 80844
129332 89954
84953 62478
223483 306064
210437 185623
231032 43623
186964 116160
185898 306829
214921 104385
107883 106122
45050 211753
150567 151268
230976 217997
114783 201189
110245 233670
91925 193245
223830 178784
187421 131969
203062 43156
202924 204331
131211 213758
125902 178921
117234 188094
132632 201958
147087 291947
199051 102288
79428 134049
217456 217997
272199 69632
107988 191946
273504 201058
162052 20628
153508 189000
302478 21319
273507 205859
133838 7743
117234 188094
305894 161270
209550 191628
205453 178899
240119 25810
89926 229388
224709 222434
203470 202165
210493 149802
131487 191362
143578 232580
175231 203722
214000 305886
63757 301676
64127 77170
216347 217997
186986 132400
175349 45050
85942 159686
325477 228519
190295 59657
191378 192509
126022 233670
240229 296875
304607 61719
296368 271824
144076 101128
190771 91154
220789 300013
218483 127198
182147 102994
177596 132400
272357 235180
295279 126354
305381 257799
132244 216392
306831 201058
192805 191628
28480 83614
272195 107854
170679 182124
177215 170463
272602 239814
209911 217997
157681 190632
149057 210451
193260 30228
157681 190632
166841 177596
223267 267426
31059 45050
240119 166216
200645 66897
133811 214650
180229 197863
26609 20429
294326 131969
117686 240080
194189 138894
171479 300385
51034 49473
51051 330030
204346 254111
287067 233714
42590 252800
228389 150988
51051 330030
190155 244945
51051 330030
227885 203369
51051 330030
210189 181294
149057 210451
264951 201879
165375 196933
274783 25432
176898 177744
223267 267426
199267 148450
51051 49473
164944 240201
214924 189579
194168 190662
227935 89020
149107 115525
190347 221575
99733 129112
80404 200482
173744 317036
186300 160016
260365 165611
83214 64908
215236 199283
127724 52587
296947 265398
295700 30583
258979 280026
166038 290741
64127 87886
190349 217997
171709 188094
251518 196854
279104 274120
149055 214685
326135 274205
161048 142735
8433 40512
65107 90916
293243 300480
214085 265902
90831 91912
263295 215528
193021 95511
143578 132856
220612 189579
23635 182124
201191 126482
229904 50180
210450 217997
305894 144439
165924 23834
190960 203081
272199 214000
60780 21146
191540 64301
64737 228967
190988 218532
293219 224609
245539 272339
68775 189005
217737 51110
281825 1868
62578 56903
313614 234712
204581 173790
191194 150301
201557 115312
171427 186144
66903 156414
81630 291092
200030 80755
93988 217997
149611 100198
89892 233670
167798 208360
213572 283553
197172 29627
116109 127233
190228 191627
65452 221815
189579 216283
233843 148901
305877 297769
223945 83585
193584 193464
189368 147089
200097 198152
290750 207718
154786 168716
169994 82477
65297 189005
215822 132856
149890 188673
229888 221779
60768 58266
58977 26609
220689 106022
235140 190908
215125 159986
136603 198006
290578 291092
183800 250278
190214 198177
189579 192604
86660 293300
304577 271172
9100 178751
220586 202289
83213 212577
306374 139873
290634 56659
257702 235155
205405 199109
64737 93386
14177 294624
198928 183221
203060 189563
114834 193245
190295 59657
190214 182125
155076 19602
172002 197956
81734 173423
295347 177596
220779 61819
190913 229904
306290 108270
273988 189000
47744 178784
220613 97676
293024 212889
312069 108411
214067 216484
130957 229982
183667 251726
285541 143916
40512 65339
291542 274205
227802 160743
323157 271172
160291 215236
97655 230653
65630 89794
156314 136125
290187 299713
100307 193247
109888 184160
230344 273505
47710 272106
160291 215236
110916 45891
267644 301083
155071 206447
39450 217330
272357 199263
63738 58698
77689 259795
257571 300385
127290 190383
306374 199263
191340 180541
128882 100307
193243 186304
21484 166229
208341 142248
82432 267808
214067 146096
44622 22981
309617 77487
193243 186304
67204 305224
290618 203997
290596 175930
77800 116983
87875 182607
155063 202590
87886 260126
212890 290143
149605 193247
69234 290143
59325 35115
200113 231235
131835 168716
199620 200055
155784 254419
305891 200118
272464 110245
21484 166229
214545 83585
198285 204331
257629 243116
264800 183684
230791 84016
20684 125882
24623 205440
295279 101182
189228 20773
265416 205911
84334 42257
271816 229904
63323 63856
77381 293454
313113 304719
64047 100334
108644 84964
274534 229791
273483 186859
214924 268328
101997 148682
217456 217997
305179 187193
263295 215528
188461 125675
153140 155469
328521 214067
224188 24167
279813 258345
37551 66903
192928 190765
62726 191622
203723 58698
198006 160898
182155 110245
188594 106030
269967 235618
196735 50321
233843 112414
197956 206901
183242 214020
49988 216145
230121 223698
213121 115362
86137 204897
144040 45050
219256 171721
99782 211336
178219 272199
204923 193968
99782 211336
228988 208639
80071 184474
143578 126482
55980 233157
233106 138432
160110 166044
292207 131966
101927 223079
163176 305886
199267 189579
188094 36970
217738 236263
193584 193464
155070 311580
95689 92530
166956 190302
227832 237129
126927 64455
24167 118152
65728 71789
128882 313113
188019 199109
262401 188739
6154 41213
187816 149611
305503 200992
285541 143916
216946 188467
45050 204647
206900 30228
158263 236221
222698 91854
97731 230106
205859 165144
197895 186143
188173 272241
182629 127635
202930 214000
201258 231659
272299 191645
305595 173423
144042 189000
322891 191377
188019 199109
131160 142735
190275 112018
295286 126354
88862 220613
165901 65379
116109 90870
199268 184788
80197 234730
44886 303877
131181 194486
185195 185005
169871 214491
214067 216484
86161 306829
203062 43156
171999 190465
203073 201058
271467 148128
218770 236262
290145 166229
128057 179509
28480 83614
324468 271057
202589 193325
297626 259162
312462 137597
311235 134496
156194 204647
202020 191319
160028 186746
234730 295326
324753 98544
170435 203470
157681 279687
176367 272238
84334 42257
204679 178653
200508 207882
168942 180138
149107 115525
149107 115525
21151 205859
175742 200118
204679 178653
28252 306547
297338 201552
131998 84964
94670 83614
204277 205440
126335 323679
321425 273505
223079 177596
217631 102513
287223 271172
175107 209646
98332 177295
183045 220311
303542 191264
129800 192244
87990 142572
197755 212748
110584 178784
1868 144029
184182 58977
203424 173077
149054 259942
160846 22981
214924 212698
193021 95511
125202 151268
179064 258492
199049 306829
207249 297983
272317 189575
65107 200267
205454 323157
149054 100389
249659 271172
128057 179509
199267 305224
228519 204637
132415 230353
166748 132632
63196 132259
265449 205712
131845 131969
163598 178707
253859 213758
185190 8455
132258 20795
306035 153924
84964 7188
128882 28572
193250 306306
272339 179144
95511 268184
172191 198856
194224 153469
154776 147294
160000 294624
134497 186859
209911 160271
297435 28573
130222 224016
73001 74874
149052 44067
130222 224016
263295 215528
21151 206955
131329 44090
175239 184210
134496 100198
133838 7743
193067 206355
305224 265902
204299 147089
99782 211336
186889 166025
231947 119631
263295 215528
68775 189005
169404 249512
131273 200002
134665 7188
128057 179509
291949 268761
169365 147087
223033 78198
160000 132859
203387 58266
154382 305846
46167 301947
213426 191176
305314 191287
292412 252628
301704 77091
7188 185258
189770 125902
20850 77060
202147 235875
68775 189005
181654 149055
206900 321069
272349 129336
189912 290446
145016 306829
291647 93735
210788 21319
177830 200645
253886 214921
69395 55611
316924 97098
272384 302606
149107 115525
188594 106030
155071 272296
63557 56903
128882 131998
213014 63556
126927 64455
193399 160803
177550 195384
130095 227832
128882 131998
297316 207611
253371 20628
272199 257420
131211 212748
193631 185614
251518 216767
139873 306374
210450 217997
7188 185258
229054 257420
89032 202156
111189 106653
137982 140250
84333 254076
233843 209961
164944 240201
13239 220009
191362 87950
216363 178679
7922 193325
186859 209646
176902 100307
152110 136593
176842 77087
219751 106831
83213 255337
100307 164557
119717 129361
84338 128451
192554 139725
150477 160314
214000 178235
37216 272339
229904 280902
187153 273971
99782 211336
219440 221148
272349 6922
298456 35657
284513 102817
155076 305224
258795 220912
94525 161048
220918 122433
328861 52553
249637 150892
24490 192912
176049 199109
253213 203118
279104 274205
173900 293266
100389 290971
142428 217737
181626 203118
304759 231662
205860 190662
276152 192948
83023 187541
321547 26788
45050 112414
305845 301113
284490 102817
136410 305006
155070 199263
190347 199043
106152 143576
304685 332064
189555 200876
143576 30228
55980 233157
217121 209255
199039 128934
81175 219572
192805 176850
178085 178119
131211 229256
47744 131211
190961 159130
26042 179242
193305 125675
223701 227685
103165 153924
209875 210651
66204 214000
272196 131969
83825 217997
23635 182124
206945 178936
290316 233670
87101 198737
64681 164055
52553 82372
220689 212748
193021 95511
140350 265405
83643 69764
220586 216764
193250 177146
143578 126482
193418 219176
203085 198500
221822 173423
47744 131211
228201 265933
161485 272199
143578 131998
116109 115362
199267 305224
124587 71745
90781 20628
224313 211336
305215 193828
198053 20762
125865 189224
131969 202382
142111 156090
98745 198006
207374 203448
202027 216392
297033 178899
193242 206900
201676 200405
46679 104346
71726 249430
189579 183221
240068 189000
229904 230707
220317 212018
112301 132745
168619 303606
8344 305837
207125 200118
131461 131969
197755 211282
177539 149611
165402 29973
164645 131781
203085 149802
87909 42257
208345 201955
94099 322716
98332 177295
268556 206955
131211 128087
24167 188094
88723 177670
54998 142259
321425 272362
224581 141386
166588 182155
206048 91319
206401 188094
295246 274445
133983 134412
166588 182155
253447 214000
205851 253321
272403 233670
309617 231235
309617 231235
207745 291539
291092 205387
185486 89954
65114 83242
148599 61292
165587 144769
99155 244085
108649 188132
260897 1868
199855 138088
64435 189224
237339 109693
241016 159054
84546 107305
208067 189000
133827 23123
131851 229904
204345 144029
26450 59657
93386 56414
109343 233670
203892 229904
165912 86618
112189 84964
186859 309085
183616 67656
173479 178741
213566 102994
192912 189000
303542 31565
296743 199747
187312 207102
221668 257867
187044 204799
274534 229791
177857 149611
255628 115365
211489 110232
161703 240841
221418 77170
182756 182124
218169 292952
229695 268599
138085 306829
132631 106605
194194 133425
305254 180566
108404 274052
317170 187773
26453 267480
217680 91856
293618 313614
156997 204345
253860 217997
160028 116160
273506 139744
271443 214000
190762 80517
190762 80517
158956 20795
210462 217997
72232 203995
186143 305224
203061 186899
180610 147122
215236 217647
165901 201058
205440 127635
220539 101290
200769 150551
146146 84964
126807 235166
268110 295587
199283 199109
157045 205474
155076 165915
157045 205474
147084 177596
72232 225214
190106 251719
271172 20762
254145 200118
128882 131998
245539 162765
218770 236262
316425 115877
131329 44090
185991 138432
136416 305006
290578 183650
176415 20628
181902 193769
233843 205138
159624 306064
284399 181058
180578 189677
104382 66146
220785 180566
161060 188132
162257 205474
207467 125865
271236 188739
60457 336160
326135 274205
184700 193418
181294 216139
159427 122509
190412 160008
184329 267468
187451 196978
203062 238361
136416 305006
177429 6564
133171 292320
20628 52121
100307 149887
299436 290472
180585 182998
264989 294152
92339 253866
213460 314836
199049 306829
150477 160314
47744 131211
128480 335932
224181 259258
201676 213758
185728 217997
209428 186144
233681 306829
312462 137597
172073 186654
26286 199771
108411 114325
179965 156773
229904 184153
21484 166229
172045 295606
229644 214491
196634 271150
23090 324357
239654 87886
128896 117184
188048 131273
131969 190763
196634 271150
127971 197956
181835 200118
253512 65696
196634 189579
103151 65168
311580 153924
215134 295587
210434 305837
206602 287302
185576 188019
107835 1868
324157 272362
305381 257799
303694 127198
264989 294152
168766 178784
229904 214544
191379 191409
160005 305837
23123 175742
214067 216484
208341 173077
40877 23503
127338 306018
185921 91418
7188 185258
171864 200118
186304 253495
193399 165726
164568 187122
194320 279687
187312 250336
113316 84994
302478 144178
99718 169686
193831 131969
214975 40512
131761 113136
272361 200118
132562 291665
131311 199359
51034 330030
51051 49473
272333 212748
293121 179069
263295 215528
115535 303482
157003 229904
142259 47866
220613 95934
117280 192504
47744 331133
270689 43510
209911 155345
68799 335201
182629 127635
208803 168535
303542 45050
160743 234730
193735 186304
228432 131969
172208 174183
207826 217997
142503 216484
305223 167385
293200 186144
191737 279226
81525 118030
201565 228992
201492 65168
214008 162681
264992 211550
297316 207611
126102 168716
130670 81141
171988 244085
149407 303175
92339 197141
188811 273498
205851 200118
136613 279290
199268 305841
231662 82147
207031 191309
49988 233843
322841 185956
160807 203248
220785 186767
306062 138848
214924 189579
134776 106122
126564 297476
297316 207611
187706 212748
80837 303596
220612 183674
156078 163886
224076 223775
59357 97421
157605 21151
290988 99108
61476 149343
193243 95511
203778 185198
91446 206468
157401 291959
84964 176974
258646 108678
107802 89440
189770 184768
77170 305224
210436 185623
157045 205474
165576 193765
199267 299039
157045 205474
198653 224775
26777 171175
280893 200118
28572 101497
224396 90114
63349 290971
188019 305837
207101 115312
38461 290706
199273 189569
90831 81130
47744 131211
207716 187532
257590 139328
176507 332064
175224 229904
263295 215528
131480 172256
294640 235875
166026 170463
184153 193247
200467 130839
50623 186986
117663 212748
131781 229904
305223 6922
272199 310647
100802 272973
186076 177596
163598 229904
187640 168548
263295 215528
293122 184223
199268 199048
176747 161443
142248 172644
204665 199427
223261 157055
200861 272196
207249 297983
212833 131310
201992 305224
186143 153924
132269 182751
87909 42257
185187 58236
77071 300010
162587 171416
335932 42227
197872 144059
206915 193439
274436 23508
101506 109015
177515 81141
271302 272349
304346 203470
130499 175742
306831 132610
185540 189762
193400 306829
295537 323980
166229 155733
169404 305837
190376 197956
132388 132432
26453 149611
88170 70364
251726 113190
264989 102488
173743 183221
55980 157533
132615 160898
297625 180266
115638 213461
273471 203470
132631 180541
194320 279687
88170 70364
263295 215528
160005 305837
304577 197178
154382 305846
178741 58977
160005 305837
88685 196634
144155 199109
67011 90976
190229 132610
245539 95699
144155 199109
164568 187122
194320 279687
194095 200118
180541 244194
191369 99852
293300 183221
253463 168997
128873 157681
296289 24623
131966 144029
290276 9433
205290 167220
135302 153944
31697 214921
128059 179509
84971 306008
78956 187773
45492 72206
180566 205859
231059 194096
223268 205026
185530 306829
149408 144155
28572 101497
210436 126006
188026 242588
192555 209473
131487 44768
167034 200508
155373 131969
229904 202083
309101 280902
250336 184153
272339 138088
106517 42262
300002 297165
92896 84016
301008 201659
154419 277163
210379 186859
306445 219748
164372 190071
178894 297033
182629 127635
220785 193247
170023 188739
198928 190726
296631 294624
161270 160743
264861 321069
205652 272199
83023 192607
219502 220311
272360 84964
179965 208190
26609 258531
109343 233670
192123 126946
150870 20795
131902 200894
202902 244085
219186 221148
267778 114955
259204 213461
321491 183221
193663 156196
131572 305503
291644 93735
186859 262401
198391 197783
255661 308306
183325 169864
272360 84964
90829 159636
135386 233843
227885 258539
176071 199109
199065 306829
291958 307724
149057 22981
138819 43222
199240 231412
62781 156091
186133 177101
193260 147294
219700 22981
132631 131691
89823 143578
115290 235618
189590 187540
295587 82178
237877 149054
233843 38583
199053 197143
203703 65168
188800 69563
198101 128934
25182 52553
31697 180566
301044 229904
219047 200645
201559 190913
253466 229904
185522 179074
193107 211336
263295 215528
26620 132562
99782 211336
194320 334168
263295 215528
214540 172045
263364 58949
267989 205859
182699 264951
291092 153469
186890 189762
233531 265933
266300 298902
77063 96671
137982 140250
188739 170023
199283 272362
324102 189563
170799 169888
290578 291092
233842 228977
82438 1878
129336 86618
189005 305224
293124 223213
167642 87101
224887 6010
24501 229904
190020 162967
174244 167246
24324 160943
229479 203103
43623 212748
189255 22670
132745 65114
161941 232559
101926 116470
231159 165066
116109 239826
214035 211550
219598 97098
188028 116311
213656 270887
229904 164575
172283 315768
210085 65365
327258 12384
173785 220613
186682 193764
219757 199355
131480 221148
186143 305837
156157 153560
255639 308306
156133 254419
208499 199711
45501 189579
205851 214009
197796 165907
210435 189000
201676 201441
23202 206355
106022 156091
167986 116328
229904 271128
296024 168635
180541 106605
193021 95511
66708 94989
187427 114
185868 164381
83643 69764
259204 147732
207971 217459
272349 6922
80311 19170
244071 201260
204679 199109
26286 250278
127198 320407
158238 197686
200729 235295
290706 34953
253371 20628
256611 236263
25182 52553
37961 194451
169994 193412
210505 203997
144040 253393
162402 158327
189579 108597
191447 207620
217997 203491
205454 306829
216953 186304
305895 272238
260162 301768
273471 203470
268184 51315
191627 116799
201571 189579
131761 113136
305223 127635
251526 196854
20362 240878
84334 42257
190988 271172
263295 215528
193260 217997
200097 192855
207833 170528
207315 238361
93080 306018
276430 154342
165741 229794
126391 306829
216481 331445
127971 197956
131968 167657
306689 1878
132388 205214
262401 188739
61910 90870
115638 213461
255341 86761
147087 189579
115290 235618
305660 217997
160803 186143
235663 242588
6621 157681
138085 257648
235850 133991
196935 207102
112301 132745
291983 291988
166684 180566
199267 299039
183241 235814
189579 153944
216368 128934
65364 65991
196609 160271
189005 67484
293219 224609
138962 301676
190716 215328
200118 198006
193989 113697
131966 198970
203703 65168
100389 161091
134050 114784
153948 96670
126927 199043
55980 157533
190295 305224
131818 149464
192404 84964
225986 315339
66142 199048
199882 97098
128059 179509
231237 77487
69395 55611
181294 65782
255330 172644
263590 170807
206915 193439
301096 45809
167373 17000
128057 172644
104382 95934
55988 294624
115312 147294
131207 197431
249779 162040
55988 294624
245539 143912
180574 194410
210762 217737
131154 149596
21484 166229
300013 175930
166025 220613
21484 166229
222154 235875
309079 221148
111406 149596
38997 90870
93358 190726
269892 131237
199263 207971
184416 194162
200410 65716
213098 190701
185126 295551
306829 131266
306306 33442
64435 199263
130557 229791
309078 91635
183245 196283
220785 183674
131969 271674
164645 131781
25182 52553
163189 194461
131546 127277
200410 65716
99782 211336
63200 28161
321069 217997
84333 90781
266297 141386
52553 143912
187453 125879
224400 129112
188028 116311
155071 189867
272246 43510
201955 293124
91750 87702
20373 131813
41409 256718
171988 244085
163609 229904
166946 166814
174550 201659
218055 63853
324213 102513
99155 244085
28505 86761
143592 33442
99155 244085
161450 214477
131813 200118
298467 80755
189340 200118
217737 142428
231947 119631
65940 205474
214565 33118
208320 131585
272360 84964
192134 20628
94157 100409
229891 229256
214597 160271
245539 67935
158236 214000
20495 213461
273591 84539
223265 22947
166946 166814
192628 192626
228883 268050
192134 20628
165905 290459
269295 34669
148432 166631
271869 64688
163181 51315
199049 306829
214707 213191
90829 200842
275333 155469
107468 209930
188594 106030
306306 168033
273946 216946
196609 205453
253338 153924
84333 100802
143578 132856
263295 215528
6010 144769
207086 330567
165901 131590
253213 203118
290436 64445
165393 118246
95037 263303
267191 214000
272454 242588
77123 186144
167794 235875
263295 215528
290634 56659
258267 159788
305889 114076
132325 173773
263295 215528
25182 52553
176974 323157
115555 275190
168594 208257
324468 23123
199226 229904
66351 158863
20406 116478
171209 244085
203997 306829
174978 178043
150974 279678
202258 126482
203985 216392
116472 116478
191413 197843
297062 336160
203062 278051
177120 186144
272381 132745
201137 131969
202165 221639
127704 224654
186408 259879
185127 172045
198928 210737
189579 108597
191504 183221
67747 134180
194410 189579
295280 228977
291092 168716
291092 205387
86797 65107
86244 129336
191406 273501
264624 172225
195989 128290
219882 294839
315291 186259
131969 206223
214378 178240
96537 235814
78956 190465
264989 190632
167598 242588
222124 66998
143578 290373
228992 239826
20640 213012
142249 217997
257420 148914
251726 216767
166025 220613
292021 323822
272454 217997
148933 215236
128882 132614
199359 294091
140480 136611
129336 209883
7710 167730
216497 6556
295279 268761
111406 149596
150892 215236
190738 197518
199266 153924
315291 186259
249779 123351
21484 166229
240435 141386
279813 57741
305278 214603
332655 157681
227960 268761
208252 197843
54754 191964
112189 84964
81527 118030
313625 287775
306032 99852
50661 235061
197885 20628
69480 115560
166684 190929
263295 215528
125865 271443
138085 150301
20395 46945
216012 223766
324657 91912
203039 207086
43513 1876
318978 180551
155071 175930
283469 174027
167620 208360
5090 305837
147107 199109
216012 223766
183044 21236
272246 183221
305167 293291
55980 157533
184768 161169
193243 87107
117058 104813
131927 132210
229695 131160
203085 153924
104385 208430
304738 188019
202642 131483
199050 165129
170816 322539
84334 185956
182146 165454
251518 196854
147107 199109
296946 305223
133422 267599
214002 198006
171233 114479
267989 21529
297033 162162
142734 204282
233467 290580
23635 182124
207249 6011
84334 42257
177151 132610
56615 220688
199052 229904
306306 70532
172617 147116
321368 217997
192805 101291
116804 191645
99994 161381
172073 6011
69260 203997
257349 302478
113316 128187
215194 183221
126482 203997
200291 167951
97615 230653
132012 156414
229106 138224
193453 172587
238361 148914
216067 214921
189579 305837
24856 200118
188642 132610
193764 88015
171988 244085
231092 228992
199910 132610
306057 90829
81736 191099
97730 63727
81736 191099
230382 199510
185346 114020
189584 216283
158759 128557
210447 311580
187905 190020
188129 156348
302480 144029
131367 199073
26286 199771
273479 199263
240766 37605
305503 184199
60577 63749
63811 257337
19660 173090
296903 131266
302478 149054
207690 186859
171165 160271
224175 211660
176076 100307
198166 200118
144066 180138
174565 103732
273487 214477
199708 217456
208219 290199
269295 34669
94744 235618
190214 191897
305660 164950
188028 116311
98401 65441
132615 160898
127826 259041
228060 110245
113316 128187
222197 126125
206529 56659
306018 127337
105956 186654
7922 131846
163180 24501
131740 167261
187541 244085
214924 131211
253112 234730
199117 198970
274487 23635
272204 67905
99108 210688
263295 215528
212864 229904
59187 275333
134663 235166
100802 272973
9133 213392
172835 260563
306829 131266
202002 202586
160846 22981
113725 271377
285483 155469
220787 171479
244085 201201
157701 62752
187507 228466
214597 305837
189974 187465
180611 198006
216484 214067
161176 192066
244074 198546
206680 290578
149051 301725
81176 134496
274540 217997
192555 209473
236406 202125
205380 131969
21484 166229
197743 90026
214921 94744
84333 90781
196609 160271
202298 131211
148914 273522
114634 160271
198708 63556
193250 161223
302478 115061
110701 171097
77686 99852
223477 153602
132505 197956
84335 64240
75961 189867
240990 206508
25182 52553
254159 53319
197743 90026
184199 155469
171432 216208
155088 133991
21529 193247
86137 203360
197743 90026
57589 228487
149374 185043
200059 52288
77689 273995
222712 101086
190415 188892
159954 153944
91841 271974
263587 66907
126404 306829
188295 26453
253500 217234
171432 216208
185528 184153
95699 91845
144727 45050
214597 220775
98389 148682
203039 199109
290578 182147
293533 173423
206875 97623
198919 194478
71789 186010
148599 106122
220785 173734
173912 207672
198285 128873
136410 191410
292207 163708
190247 272105
304738 188019
203764 305837
189580 260078
87955 62161
131835 131594
67477 240904
153508 229904
253356 167338
25182 52553
182374 297769
199048 176318
170435 306831
188107 131237
293121 157319
271070 207205
182155 157421
149751 143578
38895 21529
196638 106490
150130 224654
203999 177744
294107 323969
99782 211336
145016 202204
220014 180105
165393 118246
171988 244085
90829 159636
203061 278051
291956 225214
231092 228992
203265 200118
39417 131533
290929 197178
293124 64511
189384 132631
210449 20628
35571 144769
135947 122266
199117 200118
88170 184182
178810 81130
84953 335201
143576 127971
132734 200118
171726 290757
305223 131211
240880 167962
184293 26609
82098 301083
116876 208765
131211 217997
306306 190726
171404 63853
25182 52553
29361 303596
176853 231013
295588 140636
317403 201569
97024 205026
37551 66903
296898 200992
30498 227902
186547 207075
169025 144042
127198 190584
178791 52310
335932 42227
184223 215835
197956 22981
205834 231389
126829 272973
324644 231011
193109 211336
131998 111411
203703 65168
188295 26609
272349 138088
222514 304346
306446 267985
131203 191627
100802 272973
125902 198032
213095 160271
55980 157533
290781 292328
77126 117501
92857 297476
203090 272196
169071 177459
223265 196933
253346 200992
272334 208190
144140 115305
131572 305503
207188 198093
190387 26453
45050 313113
126349 7433
272403 188618
207706 188019
228207 223627
182746 131984
304582 175930
124520 45891
212864 229904
91835 114556
253341 298902
11126 160943
216484 214067
292364 97004
228060 229794
60577 268289
272238 198006
91207 93386
290750 214000
87875 126007
254606 319025
189584 132610
147090 271443
290750 214000
131849 202871
166036 305889
30228 299880
219700 252800
46236 178784
231092 228992
92303 42635
156828 203470
305503 192805
249637 81141
131969 164575
207467 176930
180279 172893
6922 125882
149611 304738
90781 90870
316935 306829
256490 146093
188295 26453
169563 21151
83433 271974
190986 236210
216139 178784
155088 133991
112441 240201
100417 45050
60919 90552
160370 189318
117058 104813
207723 125882
198032 217997
188295 26453
315823 175930
192832 215830
316935 81141
171988 244085
290300 156078
201237 7033
193453 191751
193453 191751
294636 292231
67457 280902
219701 178708
125865 228689
296807 7922
55980 157533
230043 309583
250336 184153
188767 272366
192134 191319
26286 156348
199460 190886
42624 316063
290135 55109
21484 166229
165905 169686
234730 295587
221421 293124
267517 108560
131990 230377
84981 60177
105977 149611
157884 294624
102994 143972
134050 302648
171431 214000
126829 173423
150472 155395
305503 131329
253067 190465
207814 184160
213971 201267
52011 45050
166025 220613
216268 299869
193067 206355
190349 201568
193549 161070
191741 126050
212648 95934
186179 296899
158839 159600
64150 187902
210435 147087
307660 235966
159969 253321
189867 190465
99994 161381
64463 188105
115516 184223
335892 173536
110916 272339
132159 231659
199052 128882
324753 221148
126200 213971
187466 155385
265452 272343
189453 106586
25223 79737
190106 273501
176076 30024
206915 193439
207102 217997
223477 149858
65370 89756
85767 138845
130980 231011
102834 318080
128057 179509
305824 217997
206399 144066
106152 143576
199049 272296
217443 23090
178117 319608
229474 173540
217442 202925
231984 138251
196634 271150
270909 219283
143576 186143
164704 45312
65435 115362
316924 97098
65435 115362
84338 129361
110376 52553
43623 212748
155076 273479
129358 206955
272199 148773
55980 157533
223177 202149
89921 90870
303824 132610
185358 188477
190708 153944
114325 306829
235875 192007
183103 191940
229904 204282
205475 314444
229904 134726
187053 168716
176507 156078
84990 78893
267982 22981
203369 147087
189867 306018
211382 219502
154790 272199
203997 305283
239826 229904
161044 306050
131329 296947
166841 285099
296898 204282
336207 97380
185198 90026
205381 240068
219700 186143
205860 190662
204089 228519
290748 208560
6922 272349
178892 303819
215111 214000
155381 149611
296631 183815
274783 126387
156427 235295
186547 253038
27536 176367
143578 51584
43111 175641
95039 296052
161237 132598
260791 230667
69488 115560
223121 42768
280893 183797
155088 133991
156493 190117
172283 203470
186235 268367
303622 305868
164565 334168
131969 202382
84333 166044
84333 272970
42635 252990
200436 197843
267976 290333
153469 193087
253038 166668
170978 192607
134241 304864
25182 52553
84333 90781
217997 272339
192546 270971
109064 177744
109064 177744
238361 87889
95623 65729
102486 58977
273180 58712
162242 191910
152155 136593
192244 205440
112638 169686
253344 274970
220907 186144
156600 110245
185117 210770
111631 100760
292364 97004
186979 239959
28501 91856
150870 87425
106405 306829
273498 188173
87427 138962
72395 156196
199266 272362
31697 337370
150130 224654
306829 176399
271716 144138
88170 184182
88814 114155
116853 62428
164570 229904
164645 131781
110905 83641
274562 45492
216267 45050
112005 45050
178707 202706
81175 29973
177145 222299
186476 305283
196608 21319
207535 175693
185761 228977
303877 249385
214437 198006
160110 52553
220586 257928
304700 125904
186964 294304
207706 197956
210559 284102
264989 131154
55980 157533
207962 210451
196935 207102
240903 293700
213461 1868
146146 288388
125994 153944
137802 265902
135386 233843
106586 133582
95612 149054
199208 96257
201792 100389
106586 133582
260291 177850
193944 12043
168787 263937
271882 239407
87984 209833
323157 17000
201795 164704
131156 162715
166867 142865
187430 321425
78188 193990
189584 132610
300824 181657
216484 214067
166684 306064
290323 177165
40512 127663
26620 303877
117189 149611
149611 203722
188229 200992
222874 176297
230292 241368
126829 186547
222874 176297
273505 86618
305254 190335
313113 205440
251518 216767
104923 188467
65370 89756
44886 303877
324590 69860
150892 306829
55980 157533
273501 127284
171988 244085
138810 208751
165857 131207
303622 305868
206770 294624
24178 292157
61719 241169
100333 259942
148901 306829
192974 144769
127536 108411
185309 144769
148054 45050
147891 166216
203997 305283
296806 222044
200508 253466
252639 297749
84016 324357
268211 153093
323213 252417
164568 303493
198649 177501
231873 169016
316924 188019
223698 153924
65753 193622
143576 186143
228533 212864
116109 297749
64736 240848
232808 223219
180239 201267
23313 212864
111373 147567
92849 183221
105071 96090
270899 126006
97001 291092
134241 186823
165124 183211
184823 39857
184823 39857
199049 300013
196978 100307
306306 28437
180780 132745
20839 201441
70010 65736
99994 23503
249070 193247
272302 20628
202204 114785
223219 228207
38997 90870
189854 166228
151240 232840
170435 206275
187465 302490
25182 52553
120308 254460
306832 198006
61819 273525
258631 204678
306306 217456
298999 61819
240119 26142
107018 85759
129347 232291
301013 306829
220646 219863
197908 26609
128057 90870
125169 151268
220372 290750
142305 211706
186547 272238
155076 271288
196644 199109
62006 183815
88814 114155
43111 175641
193245 61299
296959 121089
336000 184291
273503 231403
80661 184199
65743 129361
138894 272199
259825 82178
229904 158198
205851 257420
266105 141312
60919 90552
31697 337370
65558 59144
305877 6922
93277 272199
7033 324066
6011 193107
272339 212748
125900 38461
290967 257956
290967 257956
268533 213758
184330 205859
106586 133582
158753 189318
203061 126841
208897 26774
194095 150301
176318 215236
232278 202705
187501 208468
190999 199073
94740 209833
302478 267916
125666 228487
297033 178899
188672 193764
180578 189677
195893 284102
117058 104813
192832 215830
129347 175929
201058 177596
203061 278051
99108 203997
171998 81733
228471 110245
285606 136611
192939 111477
65554 102288
180566 212748
165862 206447
157137 131106
210688 50676
106586 133582
189768 154486
297631 188546
258355 131961
38516 167621
131551 203997
273487 214477
259503 26453
156997 304169
173788 253250
234611 306097
46349 114147
156427 235295
272197 187545
112339 90426
130181 267805
204716 127633
55109 291092
125675 241833
202041 131273
117189 149611
172830 79647
167147 167165
203086 212864
177850 200645
290596 175930
128057 179509
219335 167168
131154 100307
253500 210041
117908 196634
255840 95934
229904 280902
293266 201324
173645 133171
253344 148450
229652 205453
185623 311061
297154 267329
128057 214921
76857 221815
302383 305006
149611 203722
306306 260239
259344 100552
127326 234611
191628 217997
237934 166461
131738 305837
223261 144138
197178 217997
199571 87101
149596 65355
183879 175207
115310 113093
205776 38873
117290 183241
162720 257731
210696 292013
131329 296947
144140 200002
116903 22981
227541 223775
18904 34590
128051 214921
117183 126494
206386 210142
58698 206537
97022 181657
223079 255940
131272 208237
326140 209141
269889 160302
76857 221815
205472 95567
5141 161744
269889 160302
222119 202156
76857 221815
203703 166033
323213 145221
205453 271716
229904 309617
157677 259169
189255 166384
70396 313614
180540 90428
260485 160008
189098 86567
189098 86567
98419 101112
157060 160710
220972 185498
160352 127056
126829 186547
160553 188132
97022 181657
193246 126829
228839 296820
197995 221137
128057 214921
147087 132610
223766 216012
127367 216727
182675 180543
62006 183815
187466 155385
127578 141276
106226 103977
136611 212748
213571 200695
34010 71745
162402 158327
189373 199571
258631 204678
219247 285005
324827 133171
295028 210942
203690 240101
189098 86567
223766 159054
240099 176367
5235 175930
96707 150301
277963 164424
127724 256718
115639 306037
272973 304800
171191 6011
171191 6011
205528 197863
200593 219785
199109 297749
128057 179509
168535 178784
163175 290303
225388 224153
25182 52553
118125 147087
266225 295587
231237 329569
176346 56021
229904 280902
61685 99475
216331 176705
195989 173423
210233 172045
189368 235618
106022 23090
220944 108277
23202 206355
172073 84539
272204 147087
110905 193944
190415 188892
218393 296820
79777 147122
165073 200752
222542 235635
60737 267517
235824 141268
224619 268761
228060 203448
208759 217456
208066 99475
188594 114628
228060 203448
87884 239654
203997 214603
156310 77753
21319 116182
231237 329569
193250 177146
202619 304584
30272 104194
257799 216512
173116 300961
175742 147085
207962 209883
169373 154354
306831 99650
298999 61819
25182 52553
57070 138088
201792 219572
40877 23503
205966 188019
306829 125904
306353 273501
225088 110677
108151 115638
202924 272296
219702 166870
178119 171721
110454 106407
167631 216123
306306 260239
76857 221815
272334 208190
216835 239872
153469 183684
264989 94681
231364 219128
7789 178899
99153 291455
144059 317436
207535 212748
186030 306445
250336 132614
174199 171721
177761 155076
171430 294477
258539 1868
199382 23503
22981 305837
50626 208851
191367 95511
167698 178784
1913 124319
110454 106407
273505 49844
127062 82648
131969 63166
89909 116362
219701 306050
23413 273498
189588 114634
196935 207841
189308 257731
131966 207008
31689 90870
238383 165124
111477 126050
291001 120430
190980 28161
236235 230382
102817 304721
76857 221815
125994 153944
31688 214921
134559 147145
189308 257731
224195 329502
273522 132745
87875 194888
230377 275682
227541 138166
159874 34459
239914 231011
267374 294624
63588 218476
138088 255337
198006 125904
274436 206898
204891 178043
149611 203722
1865 229593
117840 69814
188019 194209
259212 92342
189134 194551
177123 309085
224619 63853
189867 30228
254442 223698
157681 147476
292364 97004
305219 273508
182097 182680
189867 208190
216392 205671
172045 185126
250942 192745
177149 320407
201806 197783
204667 186899
187430 189867
235875 222153
304721 205440
273522 166264
316935 42257
224374 7922
183360 167763
272356 139744
270919 131203
95511 118152
305219 193107
106018 156347
302383 65728
304721 205440
126354 229473
176044 99647
304069 129872
131160 165712
306829 132856
160110 220393
193901 194486
125879 272366
171988 244085
62006 183815
296897 200992
253077 295333
205858 132416
83440 188019
223257 294624
285606 136611
219748 160167
20595 198006
129336 272349
115312 306831
299534 200645
155469 164575
53185 179509
273505 198582
63295 207102
64479 211339
204712 259945
116876 208765
159794 188132
264861 321069
194235 22981
253606 189344
186068 306833
131813 199109
22981 160849
191658 191176
72632 263449
269889 160302
213971 201267
50627 179509
228315 130999
290706 197197
51581 144769
301013 313069
293121 221190
190738 197518
223487 290757
188018 212748
77686 267808
285437 155417
191581 89035
313891 207716
19225 131837
222648 314444
118030 318977
200581 204923
302473 219862
153469 150334
208912 89756
333882 54979
202931 216392
272964 235155
153924 203448
183242 148395
189587 191421
228433 131969
207371 211339
164704 297625
189378 253067
91854 217808
201571 189579
214008 184416
185813 253038
185507 175930
295286 268761
20406 109382
304681 180755
261286 182682
38998 86761
121568 294418
305195 126987
181333 302914
205469 158749
315746 131969
184610 250278
192484 160943
132393 187582
217443 180566
173548 334168
273522 166264
290578 25699
217088 197500
21151 212748
221755 125924
189580 191746
305381 257799
61917 198177
104215 170463
216484 197178
126352 296899
144518 215778
167645 131211
34991 169364
198772 159788
201569 198052
17170 54558
43623 260239
24302 132591
128980 166793
19547 52553
221759 255334
31686 90870
200852 317036
190726 20906
127826 259041
129336 86618
272240 323157
71789 65728
128984 40412
217442 202925
56659 205387
194095 150301
97098 219598
1913 124319
106226 240507
272199 147087
304582 175930
199052 208468
186163 126807
191737 219751
29469 127633
251830 199109
196978 100307
128008 209833
149611 203722
304766 189579
197956 131211
189579 65941
253290 253250
131968 164803
15904 198324
160359 125675
273944 131998
190980 126387
259482 205859
61752 90870
5090 299318
203369 227885
193901 241072
142476 211137
132610 332053
193436 8233
208211 131160
272246 169364
188026 175930
334168 252417
229809 91802
41120 334850
108465 27475
149596 65355
174262 24167
131998 272670
130600 114849
293040 292952
306018 93080
229809 91802
229809 91802
182745 178900
26576 199109
131969 28572
238616 202925
131210 127024
203513 206223
185197 91585
191287 253424
270899 170474
291929 110245
131691 171996
86651 89035
198177 228449
173788 206738
244074 268017
189584 132610
200437 292022
63295 167246
187452 234730
130478 156066
293874 51110
271002 109218
43111 317725
33466 211336
131813 253321
107012 64097
186688 178899
161223 52199
171097 111047
167975 329538
45050 131614
191626 28572
177006 233671
186274 275333
130245 323822
231237 329569
21529 193247
192855 166793
210437 264852
188019 194209
165593 178088
102597 63853
201879 198006
177006 233671
51728 259634
184700 193418
257799 65114
203470 304346
271172 177150
108154 87963
142765 323822
66421 67773
222874 176297
102288 199048
199281 187457
193436 110245
196933 198006
128984 130402
115639 306037
242597 205652
203695 182682
169690 205859
63744 171785
230791 31599
272364 271067
298589 194004
291212 66891
303268 6922
34524 149054
234730 250278
206620 58949
205465 126930
210437 8732
228060 203448
159181 78198
199263 192912
98389 148682
190108 169551
183377 217081
206689 107189
228389 43156
131207 197431
210435 125902
188467 312548
88667 205453
294043 253495
176823 299318
302828 131154
21484 166229
114206 148892
265062 232754
311229 233843
271915 232859
102025 133932
213461 202626
230292 200645
223145 141555
187549 188811
163538 2807
83358 170463
182684 224391
114634 84964
174693 176278
180566 198006
192484 160943
193532 127629
205776 205859
175742 183221
130226 139480
223268 304721
42933 112001
90148 89758
268190 177596
297840 252828
161719 160820
25182 52553
201571 189579
223170 65557
220106 268722
233843 104813
188094 309093
177762 208557
198819 146146
271150 167261
305842 97569
178707 189100
131483 191835
38939 91802
169888 170799
147085 303606
147085 303606
130540 52310
267985 169524
212864 107464
178892 157605
271937 272339
306831 84431
211342 131211
273505 49844
122688 135947
201792 100389
170006 7922
203789 98364
273522 166264
196933 198006
272250 252800
152213 279813
117412 258264
84243 84408
196933 198006
335892 149054
127661 193127
233190 228992
133490 203126
170315 177476
165375 187112
186144 315513
134559 117681
26609 165611
149611 203722
154374 131969
165326 305478
293266 257700
192066 161174
215776 198006
264989 115877
110944 219751
293124 256527
229643 192855
61897 63853
110623 208518
231995 138251
216835 239872
186143 148901
299260 265306
108678 258646
131969 178235
305325 272466
127583 268030
117281 133384
241071 294624
301879 63325
223698 65339
192558 190726
252800 176660
165074 52553
189867 168623
204336 51110
269889 160302
127826 187116
26353 115649
196978 100307
193989 306445
229809 91802
296936 268761
62036 28480
171067 317036
127596 99123
210435 147567
85697 334168
210437 235814
199065 23512
155469 138431
189474 132206
229809 91802
305223 171999
108827 313614
186900 22981
191556 291528
38211 205026
231415 91802
235303 114563
171785 252417
303691 177877
65580 195027
204282 228424
274907 131273
207372 127629
301725 85284
117782 332600
273503 157945
200070 52031
131329 296947
199709 109048
165161 329556
173536 237244
191710 205859
12384 2731
94536 51583
168623 186261
231237 329569
207962 174978
115639 306037
202670 177596
131998 272670
127826 187116
185576 111703
94536 51583
198355 296943
127271 110168
176399 149055
122875 89139
223959 116861
168623 186261
97730 63727
323969 77170
191512 239959
195356 129800
302478 114020
6378 51895
193260 212748
207322 65114
207705 202925
203703 166033
200842 172535
229904 24501
203037 24167
66018 294624
183359 118743
221326 173423
216930 187718
128087 81130
191626 131590
223122 198653
233843 208751
163479 159784
149611 193765
210586 65107
131210 127024
21018 84333
219453 144140
131141 214598
231237 329569
306306 229070
