149858 258345
111620 100802
210696 50321
214036 20628
247238 112001
227541 223775
30905 185198
164568 52546
115312 306831
300195 268289
149611 222918
272970 98126
138894 272199
272238 189224
206333 324837
206067 131969
104797 86660
266964 163708
182950 95934
171998 81733
131939 125904
305224 296614
106517 188042
305937 131998
132723 132610
197689 204178
186143 184199
199109 64688
132512 99104
231950 302488
203126 183221
174978 188094
115520 240822
186276 257415
323693 211336
132610 199109
205858 297017
184474 78956
152733 34953
231995 138251
189579 95511
172221 23123
215835 23123
23090 324357
161723 233843
156404 159130
183221 305837
255341 86761
187501 240961
178708 231943
198411 20628
149611 126482
220545 198762
264982 136813
132149 190765
187451 175742
8799 268289
7188 185258
192245 9333
193621 154342
85104 186144
189569 178899
92180 98046
161701 189770
190694 171097
295455 189575
157884 294624
225088 232808
190376 333710
313614 128957
168969 210189
309502 149054
135401 189000
212239 131969
180196 167763
199268 5141
126010 298503
267989 1878
133163 293039
265310 160371
115649 191622
166377 131744
77726 217401
91635 236200
173565 94992
163165 336432
99104 297057
134741 233843
296936 294624
61292 148599
111443 241169
54882 6010
273479 77123
217458 203448
51998 159800
190762 80517
224609 244194
303542 107189
195126 234729
206320 127623
231237 329569
87990 142572
184571 201075
166925 193789
189584 132610
300847 185530
64435 198006
212890 28572
223079 239819
77686 267808
213566 102994
188618 206902
108437 108439
165596 187474
273922 303542
306383 192828
253247 296947
291977 223698
273922 31565
190701 184199
56493 304804
165596 187474
273922 31565
163729 77692
272238 205659
91955 271375
219700 199109
291981 223698
274562 249460
147085 303606
294122 228389
250306 272203
191552 213010
165208 274534
86651 89035
214571 239871
138068 228466
189881 188461
64738 283736
186964 187474
108432 214321
172551 101506
182157 149934
212805 203039
205475 314444
202365 213758
323693 211336
302479 167686
315370 268792
3886 173788
185346 99994
189590 28572
305841 272296
50545 154358
207208 185126
179928 291539
213181 174978
219342 290741
165402 187541
291173 98489
200861 158749
198079 113316
254172 305707
219721 205307
42601 235928
116160 138088
7188 173090
290395 296820
21018 84333
175064 297338
127074 84964
162036 159199
158199 323980
187901 166503
254172 305707
211342 24056
63340 198546
133490 203126
65554 87702
213990 224609
76857 221815
194421 198224
220919 312548
65576 200482
100770 100307
253466 267426
231237 329569
165901 297216
152695 24150
153604 258345
272364 253321
190231 197843
210417 114076
58698 206537
303877 138088
149611 203722
204331 201271
305841 272296
63592 167246
187582 158199
76857 221815
174552 49820
131160 201189
149611 203722
77799 156347
272361 21462
335132 193789
253393 29627
167630 101712
283580 178899
187507 228466
219176 172208
121558 84334
174262 24167
205859 268761
202258 171447
219632 139873
204712 217456
213209 172506
63556 167813
278385 295778
259942 14009
198963 166748
157681 201526
127596 99123
144132 35815
140737 205453
71745 46934
115399 263473
193243 137901
169994 182157
126196 200645
266207 225182
205453 131211
214005 271443
170080 200645
65580 212577
153924 111911
186547 311580
185367 211339
191540 64301
273503 157945
183221 65302
335132 193107
198772 167730
273505 157945
169994 182157
173789 259258
126845 30217
114147 201189
201267 185126
214000 301113
199115 47866
255840 95934
207747 215304
268030 265051
97711 224775
193764 203985
61719 131694
205859 132745
133455 173423
183221 201035
323693 211336
194399 80404
201945 205475
26286 250278
272349 212748
157063 157055
266301 235635
52232 268367
65941 290578
41901 23503
272240 190929
191419 247278
114071 149054
190980 49844
193764 203985
193532 115312
42590 165855
131468 165609
171096 110701
114071 149054
156997 191419
158753 66052
192384 126829
306383 192828
25234 129336
259344 100552
127328 234611
45568 207395
52232 268367
114071 149054
301879 63325
186144 155417
272199 254717
213461 197696
155784 150534
105071 159002
255840 95934
207123 305195
228520 299713
77803 44019
132155 272238
255482 233671
9732 270905
97703 247358
320036 229593
206535 301403
186143 148901
189974 187465
201678 290578
305889 294152
131314 222511
153469 132526
116109 108151
194096 231059
215051 290372
224374 7922
158753 66052
188019 194209
305219 272199
231226 132859
84597 45400
220919 292160
180140 62142
230382 230654
194320 20628
329538 131781
264797 184616
323693 211336
202365 213758
272435 134049
258887 175930
260897 217459
203062 193107
304584 206984
84990 39167
5141 157778
147891 42887
193976 52914
116160 138088
29469 216949
63539 291925
306832 125879
161303 258264
132146 229794
214001 65752
207400 208778
51110 173423
228839 291947
190726 188659
100940 272238
207031 65107
154786 188032
215902 63019
199109 65114
32084 149055
196609 88667
292328 289473
215902 63019
20795 212748
306829 177596
221648 167257
167630 126354
210464 222434
66203 149055
89947 208063
129010 114711
294332 188094
230292 241368
157438 305660
43156 228389
193245 193265
169404 271443
70396 313614
146176 292042
167630 200992
150846 150335
165901 21462
84538 87101
210367 297017
105879 84964
234730 240091
169651 94989
86652 111380
272199 108363
114889 175930
192394 45128
200052 271921
153604 149858
253466 271128
223122 180285
306831 27536
208219 203997
160809 184972
180574 212748
180566 198006
241071 209696
185198 250650
22442 27536
199109 47866
234730 212748
272199 132599
202618 90870
153469 150334
253606 204349
140464 183680
292231 219497
112605 26095
143578 183002
301947 218468
180780 62428
318079 49988
165074 52553
165073 132745
199709 128882
126930 306457
305223 324544
171802 295571
193385 273523
258512 216145
140737 205453
131810 182155
203997 214603
214321 282055
217871 231027
126930 165072
258439 130567
81733 94629
211012 200652
201958 132632
221865 155395
210437 297749
179155 205026
272257 324357
186407 166216
130540 52310
182724 194778
184823 39857
192974 297476
200194 169864
291127 291455
192974 164950
103994 212748
199175 60387
155469 124319
335950 220613
169659 144155
12025 253886
193243 137901
229643 239826
299635 266311
219817 213177
220944 108277
100802 116362
155076 155385
271326 200611
143576 55109
132206 294324
314490 213970
190295 132745
162371 191908
329538 193765
147525 306064
167220 205290
105161 212577
157680 112484
89947 208063
273505 157945
188594 220775
23635 215236
251878 207182
30228 214603
132416 132745
192066 191742
292328 289473
100940 272238
84538 87101
45050 300235
113093 193576
131329 210483
114634 84964
62008 183815
197773 254717
300858 46679
217717 296052
194399 160938
131966 292207
222788 250143
128883 302468
253414 38461
115639 306037
299251 228996
97587 46821
191941 160385
90870 297338
260880 142865
239803 230353
223388 314066
153469 305837
205859 268009
67246 93723
234729 132292
273498 166031
316913 191119
202365 213758
149761 157421
209178 66906
206955 129360
61930 204923
149761 157421
303762 205859
235663 49844
67246 93723
150867 272128
173462 223698
292207 229791
207378 6594
297033 178899
323693 211336
165230 161372
108620 185640
171988 244085
132565 194322
23635 215236
197213 173565
219071 253393
216321 206200
172883 168716
290958 100389
222547 34227
92178 43263
260880 142865
186143 148901
193524 167345
193620 108582
198737 87101
187501 208468
117914 264841
250336 184153
178744 211660
191723 132012
199063 154774
265310 160371
263590 66907
180531 161465
313691 87084
171988 244085
293121 247278
154752 274064
191543 192828
197223 167636
265310 160371
158753 66052
191372 143578
336422 176843
200729 305151
306064 197968
206770 250278
104382 197154
42701 290290
235787 205859
61947 212577
191366 178784
292234 169910
165074 52553
182105 22981
190376 126006
114071 149054
132458 133738
260195 194322
193320 86567
52199 156348
207746 58978
179139 167690
192658 125675
191189 67017
273317 232423
300858 253321
221605 205387
71789 110122
294324 274534
200194 142855
233745 157605
255667 132259
223482 211550
190763 80517
294043 253495
115639 306037
244531 224654
115706 234560
115706 234560
76857 221815
113082 122793
260127 149412
96368 81130
34452 291445
115706 234560
253067 166229
141909 31547
184199 102593
221868 102994
292688 173423
202250 204502
296720 119004
58977 170463
198901 172023
233843 182602
224831 250278
81175 172208
44886 303877
20406 115520
131991 194374
237657 159447
45050 212045
265346 119720
131845 156159
198959 296824
147085 297338
55932 208639
197431 95212
258463 143578
271120 23123
304580 94157
91446 132614
42624 211343
150335 191940
89947 208063
192658 125675
38461 49988
83318 180566
187239 165174
269806 149892
215669 61459
88667 115638
323693 211336
165900 125879
157681 184855
306688 64484
199051 55375
117656 191737
84538 87101
147087 126930
186979 165074
190409 116182
87037 163703
34953 191628
71789 117200
306832 125879
65580 212577
217459 77455
200009 149054
112925 81733
296939 167730
305195 56275
126927 198006
20950 71949
129010 114711
100940 272238
220512 126024
274910 302479
323693 211336
180751 180120
165006 187773
128919 131998
138434 271377
189254 219752
99994 186143
223830 305889
303542 69677
20784 131154
67679 77659
182751 217459
193823 206018
177670 125902
277963 164424
144140 294624
240392 180755
46349 59890
155070 150892
132615 22981
138434 271377
203765 172256
177880 231659
272089 306379
285021 6669
333882 54979
160751 153140
21096 193107
198032 175779
152155 136593
272199 227188
219358 234611
84964 126946
186899 30228
189584 202083
20884 163703
55866 180285
117904 45130
336393 209285
126564 150335
272317 114325
303475 116580
229729 233337
214088 56120
302914 210098
126930 165072
305223 272196
197773 164240
173739 165074
222544 100552
144226 213758
305219 105395
293874 126829
170435 219751
64737 283736
169736 193766
132576 199175
86128 223698
322841 185956
239593 168374
233843 183609
67248 223079
96706 6621
165402 265416
64737 283736
128934 208882
199065 257337
217442 193247
69683 95511
188594 200992
336432 49988
196978 100307
298744 231013
65580 212577
201557 169364
115639 306037
150872 188048
52901 70532
190843 192607
204916 169364
79655 191176
203964 172045
150867 105631
131160 187053
143576 219751
92833 98099
306831 271952
56626 262401
105071 111287
114634 84964
253371 198177
272357 202925
65580 212577
67238 208063
84538 87101
303767 157860
187507 161270
126196 200645
23635 215236
205464 132745
233843 116468
201557 169364
222712 150335
168547 237950
197956 22981
228992 90552
44886 41444
91845 222299
165686 44019
198224 212864
63173 142865
296903 173064
168411 291925
147085 297338
132458 133738
305224 8799
306383 192828
26512 301083
44886 41444
157063 157055
214001 199109
5142 157605
171488 215750
306383 192828
224404 287387
214321 282055
257629 245755
127678 206953
202837 214000
184199 95699
112631 40412
52587 64266
201179 184199
208213 193107
228839 291947
158801 296077
131302 213758
62567 296024
127596 99123
329967 202220
194556 186144
216835 239872
132146 208190
84538 118993
205468 217456
129374 205859
80934 199048
273468 89493
254402 57560
101497 126370
138085 270114
219079 297338
204283 177596
193243 137901
229037 169929
273471 203470
207535 212748
273505 170463
188094 211343
132610 84964
26264 24623
290800 173423
162050 138088
20606 190701
215712 172045
190738 170807
271172 186259
171465 304712
134741 189161
43401 181657
44677 276319
23635 215236
253341 203914
147087 234730
207745 102593
31688 219862
23635 215236
5141 211439
217423 27475
55109 199711
31689 290143
190229 225704
186748 177596
107027 214921
161355 245755
285437 312467
87913 211695
187239 165174
321069 23635
219276 146146
138894 313113
89947 208063
65740 268761
115312 111375
306367 191060
148858 189569
126196 200645
160303 102593
306688 132562
239766 108630
191498 223698
158770 268367
83923 287164
296631 200456
156838 295598
323693 211336
115312 111375
272199 138959
200118 305837
229904 257406
204337 218621
193784 158158
206108 266983
24856 219047
192196 185866
197690 131995
297183 126006
201557 139744
296717 207814
192196 185866
157681 184855
133827 52283
174986 300480
189557 186654
155342 198508
202930 131995
20406 212846
86128 196978
102288 212748
140977 667
125865 237129
171171 171721
188594 304346
129374 172890
245057 114849
190989 262401
203964 172045
230667 143578
202776 223265
216377 202705
115425 156078
65814 105631
124861 269830
267374 64097
203964 172045
83564 273525
160271 114634
128935 101290
300858 207144
214030 77170
77170 324991
235295 250307
176898 177744
220670 234611
46723 224519
190787 92991
271183 21529
217487 146146
117597 203760
138085 24623
267374 229070
203470 119631
316436 170718
207723 200267
113089 214425
83564 273525
115639 306037
188594 216946
271811 148901
198737 87101
131988 305837
199175 215831
175852 161439
181621 171999
298503 176312
189579 138962
69814 91896
191176 79655
132576 199175
164722 194234
131548 42624
53319 259119
170474 297749
222544 256402
223457 191311
53524 45809
167613 132266
198391 184799
193246 7188
161971 159794
221815 209663
182105 22981
114864 177596
273505 186143
204464 63813
190886 215373
132576 199175
216953 185229
111987 112083
259524 190662
189382 306374
192974 144769
124861 52310
84964 69607
272580 160943
264989 48744
154793 148284
188194 127536
216946 154374
312548 302257
193418 194165
231415 198458
171450 186547
21096 203997
228520 299713
156992 48744
265410 49254
191369 77659
185352 210437
188019 194209
56032 208722
51132 292932
177120 153924
105071 171028
140136 149999
27139 138845
49866 100198
103134 237261
240068 214020
132610 198749
220372 253221
258634 205859
208602 204289
84538 87101
25406 269412
272199 175153
201836 149619
301010 240392
292207 229791
272357 98364
145084 139454
322180 296077
305253 253393
115362 90978
190224 199382
290503 186547
291554 199109
173721 89440
194451 196824
186264 171705
210435 321357
169659 144155
69814 91896
228992 306097
316935 216283
167645 95511
239886 228509
260880 142865
84538 87101
212864 202027
208219 132610
171430 294477
186143 170463
63744 28572
293659 285099
257798 81195
113082 122793
304580 202125
84538 87101
58977 89895
42290 27536
335132 168957
83564 273525
61947 212577
186143 170463
198778 294152
90870 42395
169636 215304
314557 216946
291012 179242
106022 266377
186477 200992
24324 131154
147686 165009
113288 128873
306383 192828
185428 131812
191924 169934
258846 133171
92323 293117
197356 243863
298455 35586
271142 169929
31688 39245
84538 118993
40028 224788
166726 156444
223830 129112
272195 192228
138088 21484
95131 217505
179384 119004
189098 86567
138088 21484
235816 45568
169948 295547
198737 87101
249637 193944
269889 160302
214008 131329
272199 183797
125924 166227
128882 95798
235816 45568
256829 305223
199626 115312
138432 185991
194235 22981
165394 156196
200593 160937
95037 197143
51110 173423
167798 66136
229470 182155
89465 83585
167798 66136
171193 213199
108632 194060
169888 204637
178898 127652
77685 77659
207747 202156
188029 228519
270904 211550
188019 313614
132146 208190
174928 211339
198099 201267
191176 149054
272343 273860
42621 240762
220688 182147
223456 236255
170712 99640
189373 197334
231056 149619
216969 133827
200301 211753
49088 271882
214002 22981
257595 179069
149055 205453
202762 200992
229106 143510
263473 301096
134735 184223
215695 7233
155076 214491
176891 200568
131154 191996
316902 109382
126300 223079
166834 150301
23635 215236
35842 71949
149861 57560
44676 285012
23635 215236
65580 212577
84387 293654
206067 193245
102297 186547
197908 203576
235875 267312
130181 257555
310902 219751
208602 204289
111279 269244
194604 159794
13239 84250
39406 126387
197431 95212
20862 206929
207372 127629
273501 305889
71745 110883
115895 272296
203470 6167
199668 116160
39394 212748
149861 57560
280893 174335
96259 90426
223319 154374
153924 157945
43156 202208
304588 233268
161723 127318
204716 197162
204716 131207
234577 143592
257598 223079
9433 67655
177120 294624
65580 212577
190428 173629
139948 303542
173064 175930
164944 240201
160008 295397
24313 203470
117414 258264
168535 250650
183221 97623
190295 197843
229479 203103
100409 259877
187431 194572
93739 66121
116109 214000
240790 280902
172069 202925
44854 259942
44854 259942
222894 63867
158246 204080
103134 215150
169519 280902
92897 210167
203424 333136
235155 138088
92897 210167
306832 125879
183359 118743
265902 266054
170528 220785
234577 259942
216082 257867
175923 221714
20384 154753
175742 214009
220299 182124
237244 274205
201845 147087
193764 223698
233843 310669
233843 296743
203424 333136
187431 157605
132380 97001
187433 157945
206955 214491
306383 192828
219292 223886
26453 228389
273505 194072
273505 21151
45083 44019
272349 223265
22326 205474
174046 12384
219138 78646
178708 132380
205468 297017
97703 247358
202684 201159
128979 22670
225102 229287
156600 114155
141313 228602
229648 228509
165136 223079
187298 186547
174556 303606
141313 228602
71789 117200
213566 102994
21151 117184
42701 290290
141313 228602
178708 132380
294122 228389
323683 223698
33466 211336
323693 211336
197240 65716
253466 42257
263473 306445
180229 208683
258433 208686
168721 198006
213566 102994
45083 44019
164568 227923
113089 67712
185720 23090
186143 170463
298456 35016
216946 115312
80068 86973
48032 268907
165901 231659
217459 205440
26917 191940
132566 203470
138085 99475
176042 206060
197795 201552
77476 52465
29469 216949
178309 84964
240743 306379
210127 78646
207748 186143
207594 115312
201557 169364
191576 259477
149055 313113
207706 127629
306383 192828
164949 195893
323693 211336
51132 214334
188612 253077
77476 52465
256829 305223
54869 267877
95658 250336
102593 149055
231944 253442
198737 87101
147087 121075
146206 236263
303635 144769
83564 273525
177428 147122
191422 131160
164711 190462
258610 199073
58698 233726
201559 139744
198945 84964
126946 223907
299635 266311
118571 246509
147087 136603
305219 118354
224102 56659
191458 186144
187501 208468
155789 192257
125904 236263
258610 233726
306383 192828
296628 202814
208745 228433
304588 233268
197899 131545
55109 180153
221648 167257
188573 186748
210471 203695
64301 179967
204595 97111
114820 214009
203103 194261
296628 202814
188573 186748
182751 307724
133827 77711
260284 219283
272168 134724
188019 194209
174046 12384
204679 192828
272364 131154
190106 193107
255337 295835
133838 7922
177138 305886
105912 89847
145084 139454
64301 179967
169651 94989
45083 44019
168721 204321
132610 199109
291421 64908
167940 170463
202619 165600
194095 164381
115639 306037
219748 115312
198054 197723
77687 95699
100940 272238
266294 43510
190376 107988
26917 191940
272198 202048
226743 235342
202431 167813
230358 197863
177596 280902
102297 186547
228384 158302
189728 184691
223482 198032
173479 301736
154354 189579
180566 305837
186292 241057
165900 125879
259477 144532
149611 203722
212080 186144
295908 92613
93817 112479
20985 142927
112925 133384
304588 233268
132860 108363
256217 303877
138090 34188
207723 126387
291994 293618
165066 231159
108823 111145
265341 299288
56021 305889
65379 69459
160371 55109
203424 104356
163251 200762
58915 155345
61299 77692
116629 143578
290522 84964
107966 189571
149054 108560
161263 170453
206902 188618
103134 215150
203776 193777
172891 228967
273522 166264
167247 147122
47866 158864
65740 91934
275588 256450
99994 23834
184768 108363
296820 212748
204075 247278
233600 227902
162048 86973
202320 266311
132206 80196
164069 240711
189378 173423
167665 255337
186545 24167
228433 204080
209162 183221
226979 138088
15904 205474
142725 160385
149611 304738
155070 139744
268889 94629
214000 142818
49088 271882
324207 221118
43207 229803
257629 186986
294131 231158
294131 231158
323693 211336
217124 216701
291198 63556
171479 201552
297190 208333
79642 198177
207747 202480
153469 132393
148729 67484
131851 176891
294131 231158
190106 168957
176261 298503
20406 187919
138085 132610
191546 131998
200645 217459
322841 179242
202320 291554
173109 165609
80924 273525
167617 86761
223486 132614
186986 257420
210437 231036
263473 301096
89947 208063
110149 206955
148245 110119
84538 87101
200118 305837
202085 207715
110149 206955
190106 168957
149055 125873
321069 101712
192554 22981
224175 221939
140464 183680
113093 190701
257798 81195
149611 184970
189569 178899
299635 266311
197178 214067
127432 43510
199109 199577
173565 132591
58915 303029
172073 186654
131851 20985
83213 47866
203036 302368
312891 301664
309085 219751
278860 214921
304584 272238
188739 58977
194235 198177
301013 217455
204593 219752
202584 180138
206889 302488
84538 87101
71789 117200
303877 39469
303877 39469
275588 61141
128980 116438
103149 110701
261286 297213
153508 186017
132598 267425
128968 187897
170533 41444
71745 257420
263473 306445
233849 106317
305846 305889
298187 303877
167643 207990
177138 305889
134618 299812
201844 231662
131800 115312
182757 198406
122596 330229
263473 115362
92178 102610
130499 167147
89954 99035
233600 227902
305223 169734
206567 255337
296511 136593
107761 114578
206608 255337
95692 296400
179965 175429
241264 90026
144532 259477
147085 300013
90015 75963
99994 149093
222569 240998
163696 193829
162144 264987
167716 169686
295908 227885
273996 158332
170840 138088
132439 58266
176898 176288
214067 216484
293266 173900
202336 20495
169361 128087
99987 65372
230418 9333
107961 187451
322924 65414
309705 303542
298115 41598
169361 128087
297338 138061
208170 215111
228468 62214
178328 322763
188254 154834
45050 133827
176051 19193
182751 8788
23635 215236
257798 77170
185749 206664
189572 187474
88855 65107
229904 198006
232710 287387
323679 304274
273522 166264
138993 335879
184252 240864
76957 122433
105522 60906
62006 183815
335836 171721
214008 199643
193671 192805
31595 164436
234803 167798
141038 108108
289595 138088
200862 174978
164069 240711
142865 242618
144726 133158
30006 65782
178073 181844
139037 241169
296743 118470
177596 280902
112086 19162
166684 272296
194464 193247
210437 263303
100662 236251
162144 264987
177875 192805
99786 273525
218055 199564
210108 218102
213030 91856
116474 204438
258458 131978
201792 56659
183230 7743
260561 233671
72232 225214
272592 105683
213979 213970
200862 55611
40980 132060
128683 49473
183246 244331
223421 216531
105071 111287
165587 157695
128683 49473
159640 131154
204301 97676
180610 147122
112086 19162
149055 158527
196978 302648
40980 132060
171178 169612
231944 253442
240790 280902
167976 125675
251459 37605
23123 45034
224175 221270
200017 163645
272973 100802
241171 66121
258545 198084
191176 177857
200992 287387
291665 143578
39243 31686
305279 207008
214025 173423
302829 215566
184982 187044
96223 166503
233843 310669
224179 283746
81141 203085
173918 189569
131998 297749
192855 178119
132373 253067
170474 186143
300368 22670
194094 164381
180566 198006
183245 198032
173928 131991
186732 149054
139027 66121
86985 193247
257798 81195
146096 215075
186732 149054
48077 104346
211322 158884
215835 134050
228444 200468
231412 199240
149611 87426
25406 269412
193418 184700
241171 93723
206468 128934
191774 163090
42302 204080
34452 291445
48791 127235
204080 269830
95037 215150
301013 170453
263473 301096
296853 294624
94924 62752
131329 167813
48032 268907
263473 301096
190726 205440
182110 196099
203254 80318
153932 29572
219748 115312
128711 187773
84994 138088
187464 210648
170534 167178
204880 167004
271882 98746
194356 306445
172574 305886
187427 200683
205138 306445
223486 132614
204079 247278
128711 187773
42590 186826
26731 131718
231159 197223
160110 192805
131034 324981
207747 191311
304804 258611
214005 48744
239814 203631
8233 304948
257415 317036
131837 296899
59160 194888
239886 213934
153932 29572
198177 77091
207747 191311
201792 92714
297360 191543
59188 45492
199572 229256
167798 66136
97679 270985
107536 89847
268190 271165
300013 84964
204080 247278
302468 276152
316935 20773
132742 212748
286398 178890
112513 306306
1897 167019
8788 147998
164949 195893
12025 102994
187170 150287
6030 162681
91896 69814
213970 290756
203470 119631
211469 279960
201912 207139
280915 201441
182751 170463
198704 207611
124861 164784
257629 197408
191446 253067
185720 23090
188234 186017
189589 143578
310191 114955
188019 167824
203470 28480
194398 44649
231936 166727
65574 191371
167630 200992
114091 133384
183965 45312
183221 117647
219751 106831
191641 82659
186143 170463
186964 51089
194320 204112
169641 199109
239654 98745
267329 185522
173059 201967
251024 203448
176051 19193
192171 254606
267329 185522
176051 19193
336981 237244
165144 205440
187549 305889
167617 131590
169641 199109
211550 169498
115953 49207
310398 71745
208213 186144
163189 156078
192954 7277
240091 188594
89947 208063
31678 213105
161263 170453
182675 328314
76957 122433
131270 205531
272338 84964
89926 216531
111766 91841
115909 193265
187213 284014
211550 169498
84387 189569
45541 229803
176897 247278
172283 301113
259254 177596
272338 84964
163189 156078
186979 22981
295654 189854
55109 214603
132146 208190
76957 122433
111766 91841
273522 166264
38994 214921
214020 306064
116474 204438
222894 63867
291941 220457
164949 195893
199051 109382
240101 189569
64688 61080
61897 159521
256242 209285
19225 131837
46301 221993
101927 90870
198083 102593
239885 163598
167385 317036
104385 65751
23512 30961
158667 149054
39843 81702
168040 81734
207675 205859
86137 199048
118787 271812
304809 102448
42291 230403
220491 216469
275333 42624
291884 205712
306485 228207
21462 205440
269787 199882
223701 337123
245335 126841
105071 111287
202323 131813
310013 273525
173785 201058
30949 64688
26554 80755
173560 132432
233297 168462
212336 171479
131990 131237
198177 177857
65580 195027
141043 41598
193325 138088
229891 144039
209908 190376
63743 205440
97655 84964
131849 177878
165175 49988
268109 186476
165175 49988
170026 258470
176045 201058
233843 223171
194168 190662
299713 272970
193584 67712
308502 203081
186962 85924
104017 83291
240119 104346
109048 335201
198139 297916
223175 223698
136611 212748
189812 199109
223147 268761
150892 116578
191149 188293
201180 115365
183238 100389
197572 147567
264989 94896
34633 273498
264989 95511
289552 292328
193645 84964
186964 191421
87886 97001
131843 126370
132322 27961
31562 183221
95438 100938
63543 90498
266402 171087
214067 216484
257798 77170
205015 175779
118070 108437
71789 117200
234778 150301
211826 138088
207593 204637
84579 193619
174684 32624
199620 268050
222712 193734
35976 52553
197018 51767
197018 51767
182751 187248
39245 31686
179067 138088
67033 100938
92897 105270
95438 100938
78198 101290
126050 212748
171465 304712
155076 142357
215839 200508
42368 201659
21617 205859
227065 90026
200409 197281
265432 255337
217478 97024
35976 52553
131851 297338
233843 268211
199572 233479
230811 230353
177165 22981
111629 230269
302534 106273
101927 225095
107323 184686
164423 240507
310614 156078
191562 178619
194320 184700
272593 63556
194382 84972
202190 177596
25797 143578
322807 177137
295543 189707
112925 14091
283135 218777
165409 30165
142248 215669
214477 61819
56032 144155
34644 274562
198704 207611
223457 191311
167372 132017
257503 176297
98118 336438
266342 292626
64484 32624
38994 214921
198327 223698
231069 131969
170745 52553
272196 205440
272199 131998
196735 128087
161267 135402
294173 229543
23413 45465
147834 211336
47977 197723
234580 291660
191363 52553
23413 154342
281769 220613
233258 26453
125865 237129
267329 185522
287775 77170
45009 77803
168040 81734
30003 51583
43094 164803
193067 231053
287775 77170
223153 267393
62006 183815
132012 206889
38993 214921
270941 211339
179905 84964
77799 156347
132155 149054
182717 220613
167716 169686
142303 220613
286441 173423
98118 204923
108838 297641
23413 45465
267329 185522
268493 42763
210586 65107
290748 214464
118787 271812
199882 163708
99104 132526
178120 20895
210959 92777
111434 132610
187453 158139
113595 220613
216504 224233
190708 26609
221993 218621
135050 200992
230371 241057
306064 189224
233843 182602
104929 99648
209908 190376
108508 267877
188594 200992
221993 272457
55877 304809
161744 188997
185367 211339
305215 65557
282397 215810
165900 125879
188744 273479
190717 229792
224188 173536
166841 285099
36039 57039
176318 199883
107966 189571
166841 285099
165136 194421
194399 80404
158142 224758
260561 233671
149127 263473
127198 5981
213970 290756
250306 272203
301013 23512
64688 305837
184823 39857
199626 115312
187501 208468
131868 202208
163540 223698
86651 100938
301013 23512
55622 303445
92897 257887
86651 100938
171988 244085
230184 222299
305253 317725
203264 228500
46360 143592
293533 16113
250336 184153
185317 211550
194150 215842
206902 166461
208063 77487
153429 161439
201517 228379
69710 632
309669 185640
46360 143592
273505 217493
69710 632
191446 253067
233745 107464
185720 23090
126335 131894
169612 8344
222894 235672
169364 147145
233187 157893
78866 89020
203703 182124
103023 316204
155071 290143
183241 204438
179067 138088
198105 91802
290134 214000
31497 229803
199065 272973
194320 144906
216835 239872
127684 202775
43156 228389
216835 239872
190707 193634
52383 274562
165401 270928
229287 138241
126335 229714
114634 84964
58977 170463
173788 104515
253414 38461
97586 156078
222544 216531
58977 170463
177149 94705
166872 163671
217915 205531
148801 267644
193105 253038
171460 224788
302478 56903
303029 233843
23512 30961
196978 100307
136784 241169
269889 160302
207723 305877
293266 173900
90281 199109
272046 175930
105959 294624
202684 158199
189573 212748
256112 183229
210436 132745
236257 228977
169660 170463
198105 186143
82034 280902
136788 210648
222546 215303
202298 127536
53645 90870
263473 301096
203370 147087
95511 21085
31678 213105
217057 86660
305885 154374
155469 136117
222546 215303
167727 171479
102288 271939
215621 195893
189634 63544
218532 23123
158753 193464
3520 237244
87950 191362
149056 131998
300368 22670
187159 55566
190989 262401
284780 173423
170078 56132
191008 305283
259579 52553
191641 82659
175742 28572
193051 280902
200117 198032
93039 100455
192385 106108
207140 100307
76957 122433
222545 287387
201075 304607
76957 122433
205678 188060
191309 171097
290446 193067
260897 131767
222546 287387
219751 267291
201189 125882
107966 189571
203997 84333
109048 149107
223153 267393
258127 298733
186746 273498
127971 90829
296275 320702
209908 190376
131152 167824
71505 42227
147087 198130
191774 163090
191576 189671
101928 229678
231944 191713
131154 167824
233497 229261
298999 104923
255380 215236
127610 172045
236210 137902
212858 212748
258108 51584
39245 31686
239604 305837
267440 121902
202778 253321
193764 186682
295654 163540
84964 121089
314844 213306
297995 320148
166509 250307
73063 96466
244497 189571
193374 131154
253494 92180
84095 102024
256343 268610
284513 101506
190887 149054
175159 189000
178413 223698
110168 192257
202141 84964
309818 64445
203997 186547
85797 190376
178220 95965
305256 195893
165208 39002
131266 199109
82639 324753
111844 154374
165826 194551
203481 193735
172708 212469
295494 274534
192014 214603
176974 233843
204603 118152
188019 189000
107851 109397
149611 88667
147235 83920
125879 100307
109397 64445
96689 189575
187584 295323
164069 240711
192895 39857
222650 258845
212239 170664
160226 166036
202622 305195
191740 268050
272199 6621
210437 215050
67246 93723
1897 316063
157590 267329
169551 201267
127684 202775
186479 156078
201559 131154
58916 65765
144532 259477
293254 212748
196933 210437
295126 185522
300002 91856
186789 222119
203776 147145
170078 303872
210436 132745
173473 219485
270904 48510
170474 186143
222546 174027
207955 212577
203855 200842
215188 149578
301013 272339
86651 100938
191397 185509
161489 192067
300368 22670
267329 185522
201537 99771
238693 94744
120308 143916
222756 294624
293159 140732
98126 204923
267329 185522
228992 230377
296631 200456
296631 200456
272339 84964
48821 84964
131835 204331
28572 94670
335836 122409
62006 183815
233149 159757
188019 186143
217800 186119
253393 189224
227876 176714
177754 304694
169364 95934
101515 99771
219886 182416
191008 144769
309704 100307
84953 198006
265092 125675
126845 313069
82309 106122
283546 216484
86161 273522
205018 6922
201184 199240
214004 131590
46360 259942
225002 250278
178120 20895
202245 138088
65751 214603
283534 82178
183562 197334
52199 131278
132291 161435
91860 102994
192244 131760
233843 182602
260285 233843
143576 296824
210895 195893
227876 176714
309705 100307
216484 260240
134241 138959
153922 26453
184700 203470
219071 190302
55433 42257
182751 160016
184957 77170
89954 105134
191446 253067
86584 100307
219881 198285
184855 189000
191368 114634
164949 44649
198099 201267
85797 190376
72312 186034
193109 128307
305726 164381
272184 233843
205859 193764
178706 211336
203703 182124
135302 303877
222894 63867
167939 244085
222894 63867
222894 311229
231469 296752
335208 167798
253305 109048
143576 293462
84964 121089
52914 164989
110701 171096
150854 222489
235620 97118
312891 301664
270023 57039
134360 143578
78894 158863
105395 186547
113030 184787
192394 45128
186654 126807
134174 272366
133455 292328
179067 138088
200670 181096
66421 87702
164064 171721
132610 170807
303547 149054
256086 183241
203047 130934
125902 257935
176897 297067
103140 167636
306267 84334
205116 244945
224068 223700
186899 90829
196436 194888
83433 31599
132731 314844
256447 221815
264989 166036
131721 131722
335841 41719
194410 314844
148256 116580
221605 205387
291487 273860
45050 46349
220465 240841
43379 229358
80844 167087
84538 87101
322540 149611
188048 214603
131721 131722
224068 266230
144444 199711
230110 304721
202083 231943
194399 80404
176051 19193
235620 97118
240074 300647
84538 87101
216400 171097
148914 187248
118764 153093
186146 131744
194319 203997
157531 198285
169364 95934
210072 197178
255347 235814
304712 231115
169364 95934
276252 89954
186143 199711
181557 200695
183386 171990
296192 57039
209833 214598
38118 235066
193066 126482
169364 91854
172283 301113
206261 122433
95623 65729
296774 143578
161349 250143
272296 149578
99819 100552
169527 208879
44975 332655
267808 114325
23413 161174
55109 305889
160600 203302
189384 200002
180585 250413
266402 171087
309514 84054
210464 199711
291848 294477
38994 214921
127233 173645
26230 313614
69683 236200
271023 185528
201261 304694
166668 160938
222545 221939
125879 100307
222545 221270
97429 83264
128937 303493
175275 213758
97001 84538
214544 267328
125879 100307
209233 241107
94992 296824
268036 189344
199668 233671
171028 250278
115608 20628
132017 106831
201594 324755
270898 208190
300194 143578
160167 97118
185358 149055
125879 100307
187173 190961
171193 162814
21529 153944
102087 258611
67246 66121
138085 99475
21529 153944
79428 61299
185678 63853
153064 140254
125879 100307
228533 200992
291641 292101
206787 299436
291913 52553
116138 214603
191629 189569
335132 203062
131650 99994
297091 220613
121087 120387
219725 234712
309124 143592
323980 220613
149054 3269
69718 197571
110701 253424
189254 212748
143870 180239
169690 184199
264989 190632
193515 27536
167593 131969
115310 113093
273522 166264
289595 138088
131510 295587
116105 175429
38873 220613
253500 273860
163701 157605
185640 234611
155065 188594
227935 158943
96145 90829
216283 200266
217249 221815
185184 265081
290576 212577
160976 187773
323693 211336
266294 43510
84538 87101
194421 239604
191300 165923
253371 189571
130227 171721
250278 317725
152277 155469
200762 200992
260285 233843
300181 53305
229910 294122
210097 257824
199007 199109
149051 30228
131998 158927
114634 84964
46378 167730
259524 188132
258464 299880
131854 158302
60899 183221
285243 81130
196978 100307
168535 131969
153093 155395
263116 228207
285243 64445
144532 85783
202775 305253
184462 250278
114627 185528
302213 191555
214067 216484
103684 214921
149058 229388
167630 167730
158139 79737
32085 268792
304809 55877
296743 250278
114627 190231
264989 166036
114634 84964
236268 223265
179067 138088
313614 188019
45809 73564
210947 12384
193901 193944
291487 273860
205531 155789
20884 201879
224985 43510
203467 251726
109048 297769
149054 205859
195963 149054
149054 205859
283135 218777
173458 169612
77146 324755
56286 128043
254080 185528
300824 198052
302534 106273
148256 116580
202274 143972
131837 305403
223081 206528
33314 31686
90658 43510
285360 127633
158346 156773
187453 86618
127024 153944
310614 156078
189100 189784
209908 190376
80844 84334
177715 227902
142249 306018
291405 61482
53109 142927
53109 179144
223907 267393
165375 6621
143896 214464
160167 97118
126050 178741
260476 189579
186146 131744
118250 89954
137901 136547
42368 296875
188451 143578
202925 90829
223081 206333
65593 271377
189005 215236
113088 115310
86242 272199
153239 23442
170271 292328
150988 150534
165255 268030
212966 213098
164989 175742
305125 170474
149346 234611
215810 154786
207208 91856
193530 43111
274016 98099
99738 230676
269822 268189
44768 131487
149464 60718
210464 199711
102288 212577
38152 109371
39728 272238
156224 279499
314290 213858
1840 144029
27695 220613
293516 171721
63079 220009
88279 83585
178899 189000
77753 156310
184153 215236
295614 203448
142254 128087
7743 214921
180220 198141
65593 271377
314290 213858
295778 273247
24856 215236
263473 301096
210435 167940
116972 189579
239621 206048
158288 78198
336432 205453
27695 220613
187632 156516
109096 306306
95091 214598
162111 154522
118072 160302
156997 110245
230353 270928
216283 200266
23413 39857
183929 200992
296947 65782
183929 200992
335836 39857
197905 103382
117765 117607
55243 245539
276463 259119
165313 250143
335836 39857
86244 132610
306305 298503
302648 196978
263937 131969
132361 182086
274907 253321
163203 188467
132526 90829
150334 295648
314365 335800
169943 185185
164568 188042
194148 190697
44776 298100
170026 204080
219751 212748
192828 234712
270928 26609
198737 65557
109048 297769
221865 189000
110342 192257
159975 60780
296774 143578
188230 251726
125879 100307
186994 204282
131368 211137
188230 251726
258795 167168
164241 163257
203024 255372
201324 293266
214499 80404
45050 202437
222241 199711
52456 143592
99772 267191
228468 294048
235814 313113
301110 149107
84387 189569
170534 180105
97730 63727
161532 5141
23123 84334
39243 31686
204679 198032
169660 170463
193105 253038
189368 207086
81306 77091
253513 192564
203097 64097
148431 168614
31343 45076
102593 84964
183633 60185
283582 290757
193412 200582
131968 223907
221815 283525
217997 299713
191949 79647
193072 158158
204337 218621
232915 165901
203370 30228
198130 180541
107286 189497
224175 131998
113093 161270
270023 57039
51998 159800
186143 162242
26242 293145
259524 188132
215051 116351
237905 187773
271136 257420
164568 268050
297636 199594
290300 177596
258127 6010
259524 190662
302655 240208
199571 297316
258267 25017
249612 172535
229803 126266
272360 84964
203470 293971
46372 275243
189762 235618
290740 305837
203997 212748
144677 31555
273503 149281
203997 212748
204209 149596
201153 209404
286441 211550
157527 199650
309110 317436
253487 9433
170041 80057
171028 193247
285171 124728
109343 215236
23635 189569
226448 188094
109343 215236
165314 152179
146146 84964
180540 211550
132155 149054
322540 149611
116897 190925
299352 250278
260304 114563
193866 190886
45050 14009
117929 115866
303877 249385
214449 207719
169619 182717
296367 34541
187541 157605
189729 189569
204686 303824
265392 295270
269806 149892
125272 84334
193087 177596
294419 127551
169734 131969
198623 220009
192799 169692
256343 280902
203219 301403
182717 69563
52232 268367
201287 214965
290561 199355
205419 184291
96689 140366
190106 168957
128935 319025
188094 211343
199113 172283
183797 231159
111440 200992
177757 193325
205419 184291
65379 69459
216906 296820
201569 177877
217088 332064
120308 143916
190020 52553
193699 187541
179434 127283
38806 271629
201996 206664
293533 173423
297338 212748
216833 197863
80844 84334
293533 289727
209833 215236
256343 280902
77659 189571
118284 220613
175641 172617
201331 244085
197315 184593
138848 313691
186899 90829
39113 181568
132210 176705
89706 90697
196644 129336
253466 193818
106301 82477
112925 126841
201557 201879
181583 34702
63079 220009
222546 174027
172506 208069
284313 94629
21529 112010
187666 292101
200508 158239
216512 6621
23202 215188
188026 51516
201543 197334
173447 220009
223203 193247
64887 212748
223272 144117
223203 193247
58937 196634
129361 215528
166036 29061
203764 192011
84388 88084
224179 283746
130227 221270
297652 185285
217423 28480
198031 293124
220613 125865
143578 221190
213792 102834
253067 200695
165208 184186
98789 217871
4982 237244
91352 56275
7033 176862
194821 253700
205026 179144
111206 98802
186143 214008
175817 216315
169404 199109
188218 159986
207803 244085
155063 214921
201569 126946
168614 178708
185024 203136
159893 264979
265877 245755
199571 206190
143588 125675
26064 79737
207086 214009
268050 200992
295587 21529
228985 56286
64226 235620
52129 234582
228533 144029
297916 268174
182155 250278
92901 12025
268277 87633
309151 25779
82286 305503
127283 131160
292725 256402
271723 235875
149055 39002
228433 157141
77706 131533
36543 39585
194485 199268
315837 168552
199571 206190
264989 190632
191543 189000
45868 250278
208278 90870
132614 30228
208881 169527
84538 166607
272183 163257
217459 293122
157581 52553
95699 84016
92857 104382
188048 214603
236251 178936
269984 143578
290640 24856
179978 165906
192974 183221
324655 207194
89961 59524
305255 106122
257503 176297
197281 290712
198139 209679
60135 192564
189465 49988
253381 80747
131160 162712
2409 160943
207206 300480
188621 142811
179864 67682
192245 292122
76376 160385
134778 117607
127268 143972
59160 127971
272440 102994
254717 205859
84953 175930
22881 189569
169662 163540
131546 116640
272238 8233
199594 189100
149596 246436
219283 169686
219601 144223
164241 163257
42601 305253
256329 150037
177897 131954
2409 160943
179864 215236
241072 187044
57681 110905
132155 78194
160302 162121
179053 8677
176051 19193
183384 177596
272127 267426
167706 203062
205671 272366
169036 131998
116847 149596
191465 66346
208756 233843
178899 189000
161176 245539
197850 25987
108852 128925
179053 8677
271670 268761
220918 122433
211138 304913
161176 245539
107504 117184
225354 200992
35878 26609
311268 149596
178396 212748
189589 194209
223172 168450
217456 193247
229037 219071
294418 229794
230375 208069
192017 193318
296077 52037
288375 78198
256343 280902
186007 290373
204331 212748
210098 102994
94171 128087
22981 132610
266983 291173
274327 233671
316425 96537
154855 154511
164575 178741
131461 192098
57547 106484
253091 157605
260476 20628
232920 184340
252828 231943
124396 153093
154855 154511
172830 254022
194320 189100
22970 175930
81010 53319
229207 184160
208379 231233
176759 189579
127338 106517
268665 208012
114558 174555
173565 126482
184420 204282
127212 147145
149054 81141
92897 14091
207086 215236
281736 221815
173565 126482
66325 251726
227834 131969
184153 215236
25312 156854
223203 193247
176426 217459
272360 84964
147089 165208
317602 178936
184153 215236
141039 169551
98361 190428
177165 198615
190214 160898
273500 201569
228468 178712
95699 214603
200920 299080
210435 171721
94167 89756
191477 156834
150870 88902
325826 140366
187541 157605
232622 197863
186143 209646
131828 264861
168607 91153
193107 321069
329620 149054
163088 293124
32093 268792
63093 153944
65114 229643
303596 156955
300858 131211
229207 184160
186516 104211
112925 239814
167501 169016
267374 101712
305880 198006
209769 82533
132614 214009
164241 163257
228545 96713
50676 212577
77659 189571
173558 126482
182772 272199
210204 257799
116580 166956
146146 109693
76168 78217
229161 141386
193731 234729
189006 249646
297338 185528
179864 67682
206787 178708
260210 187474
201879 229714
196004 218776
187902 46236
218825 149611
190302 272238
60188 194207
296810 230277
160006 132562
84023 132856
178899 196634
193075 265306
6010 42360
202474 207223
240115 272296
80071 186144
113431 220613
253381 80747
288375 78198
214499 80404
7377 250478
87924 220613
335403 220009
297652 185285
76175 204871
176769 176804
169736 206889
205053 206333
57547 106484
207522 215528
158797 235066
214067 336473
55243 245539
253381 80747
241003 306265
134241 189000
183207 233843
115899 52553
266735 38461
166025 107189
126494 95934
167706 199263
132745 189571
242618 190632
34798 66612
232915 96537
166739 111411
69563 117196
186654 126807
258459 194551
184813 268761
96174 212748
194266 250278
23568 126841
269985 58266
291539 199268
272184 233843
29106 102448
205678 188060
210748 214976
235814 82477
272089 306379
205248 250413
84964 290426
269985 58266
323157 304577
267553 115365
115133 66760
258267 25017
8233 142249
184813 268761
293742 109539
189587 189632
299591 189571
166668 205453
184813 268761
204641 194096
64135 293124
268695 214020
216759 178741
96174 212748
24856 215236
196933 99620
165311 131969
67962 147952
211012 81734
206414 66570
214544 267328
221063 125865
216759 178741
128873 193247
273303 146096
132745 245539
305885 194207
167643 207205
213434 208069
184579 182629
298585 220688
178921 207205
130227 221939
194015 189000
303677 335800
158288 78198
191421 124715
171097 229803
286288 143450
86244 50936
165311 131969
256343 280902
138085 112374
157531 198285
185350 118145
196442 131998
131368 211137
264989 97623
304027 156091
102288 20906
183779 156648
206528 268665
117056 302478
179977 47233
260285 167220
297338 185528
158509 163708
291277 197564
118268 34541
168607 91153
30228 104385
305889 200992
65376 97118
150983 237934
200205 188019
162686 317036
215025 223698
189762 42624
193735 203481
30228 104385
113538 113208
87863 101712
107316 85924
163093 131160
232543 189575
126050 169404
163080 233031
253067 199263
310947 148041
202012 249663
267374 268761
315557 168535
158770 215236
123424 253393
193066 126482
175641 172617
211680 92339
108233 81141
185248 269929
201184 193769
185000 160031
100407 132610
190407 269929
52587 216315
67520 142249
206787 178708
157681 144042
165722 155469
104351 182680
142250 128087
192497 186746
163606 153925
186545 189867
177596 306306
215832 84964
218308 220009
294893 303542
190295 197956
6010 154358
186890 84339
147567 271057
257422 159794
168716 189000
311580 194209
313302 208930
6922 194374
296888 295218
187693 203448
149054 170807
132565 199283
240778 43510
65364 28572
163093 165923
299352 250278
103709 207364
197431 265416
203997 172045
6922 221567
216636 178741
304712 216401
88170 70364
35563 35016
273503 202474
176511 179074
253705 63556
200508 158239
143578 164380
193875 290310
185248 269929
52129 234582
231231 227902
208751 253393
166748 194209
272361 197863
295614 203448
64619 20628
269984 143578
187568 230722
306831 142249
229047 52587
219126 205453
176016 170808
10364 8443
202258 67682
142592 293601
224181 259634
30003 184182
85797 190376
209908 12025
67032 97722
309481 291928
197956 22981
60607 251726
173645 147280
202065 204089
270928 26609
92537 77167
19960 188094
290740 258795
169551 201267
208765 257420
259479 157681
21950 128087
188048 214603
323683 304274
71789 5958
25345 201659
223171 262370
256051 314865
182772 272199
253281 293654
202589 206738
98126 149281
167686 250278
223323 250278
155469 154509
54676 231375
107961 242618
207400 54754
112888 113045
181620 267516
273498 186746
293533 289727
209660 274063
227935 44631
190157 219700
231680 224424
267440 274052
12061 178741
87863 91896
88527 200695
229356 189695
176318 216764
67037 165923
160454 25487
69785 185522
220070 49254
304805 29106
190708 95934
211680 92339
131211 305660
142097 156955
306063 95934
155076 189000
204336 212748
215669 251526
205678 188060
210674 102834
89863 306379
166030 156897
169951 52199
88527 237244
39167 132856
112333 221815
110388 144040
257801 195574
8233 142249
194518 65815
100407 207706
221759 177227
187996 155357
100345 193350
259524 188132
298947 138088
223203 193247
175371 84964
191543 111411
223815 262370
188222 253321
188595 215236
251719 166504
69706 240413
273995 21529
255426 282687
134360 143578
208020 220009
21462 272362
146809 234582
28480 113920
61090 189000
185640 234611
100907 69393
132610 204165
228468 178712
86244 240048
293300 201659
156444 39002
286489 286441
229045 200456
211680 92339
203745 101290
218500 201659
169660 60183
84953 175930
272046 175930
191421 257420
269789 130775
235620 97118
46167 200894
194410 212748
160027 84964
179064 223265
311935 199711
159599 21319
7989 206018
210437 160322
140732 274205
295279 45942
211264 321368
227097 38505
197763 240864
69584 168552
309079 131969
193260 178936
176974 233843
193127 194209
131248 270901
159599 21319
191742 304584
306063 169404
150983 237934
177150 95934
185522 92180
161270 158255
144532 85783
300013 84016
97676 251726
199068 186259
298958 138088
178594 214921
187053 69584
49988 274120
239885 228471
272339 176978
268118 297916
178890 84334
293241 38994
241002 77803
193482 79756
311580 205453
319028 268543
329620 149054
23413 132157
124396 153093
291277 197564
159447 131211
19562 149533
229904 90870
206528 268665
52129 234582
191448 135402
315214 216946
69584 168552
260282 158927
336473 216484
185126 211336
161532 223289
217917 55087
239915 174221
138265 224018
227960 250307
214922 114087
240612 39857
224188 32856
159422 183035
253291 20628
295588 206261
90829 213758
173425 274205
324085 290511
216484 260240
297017 250307
294173 192974
60578 199004
163053 81733
116193 61056
92154 250278
231027 159002
64486 28572
129731 297464
248500 166645
190705 215236
282398 204349
129390 212748
46158 142259
270928 153944
165912 138431
165074 194207
190187 259477
138061 271642
129800 220613
189709 186144
85756 88040
200009 199263
190229 184531
165302 153469
186964 163540
211322 332064
274125 148128
223171 262370
105939 302478
52221 153093
102593 80404
51089 192257
255940 314865
211322 332064
72632 225704
37744 160031
200508 208683
304712 204996
155063 189000
177539 291044
127623 185198
240878 144029
190380 198928
215595 233671
132155 301706
2576 9943
60780 99819
296855 131160
67964 272942
191627 20628
175275 95934
173788 178741
299669 192912
233843 193740
173538 91861
203484 163097
268564 66903
179194 168552
169004 296824
175830 109693
321499 133426
149611 200842
240788 335800
106045 267834
190708 95934
233843 189344
177516 40980
200852 213758
64455 143578
167250 239441
181282 198152
256472 257799
187168 180238
190726 317725
126910 131254
8333 223265
164704 299259
62011 272199
228533 200992
23134 205453
272332 81130
217706 293266
189777 198523
175827 160938
156224 279499
178899 212748
270928 26453
165217 193944
220564 199628
83213 203619
96145 90829
131851 131738
218825 149611
46167 200894
200894 46167
310224 138088
222790 228737
223081 49988
24856 215236
187053 69584
24324 60780
187053 69584
44167 200695
171028 250278
125901 186143
28480 113920
208881 169527
132562 26609
106640 293654
176386 143456
193457 66651
293507 292328
149402 300195
314290 83585
96145 90829
188670 212577
103630 305621
137468 137473
97676 251726
207871 198083
142927 20985
286441 250859
191362 235875
207371 168535
112029 51222
217739 214327
267834 113094
167617 131590
190530 215198
305125 198083
217997 182124
266802 297584
89002 149054
202474 253691
158753 189318
67002 64435
199594 184709
131572 182124
177414 306484
192264 71789
199578 183221
213542 328377
172824 85428
203061 191996
209081 90870
171209 244085
189788 197518
167617 131590
164762 178712
268981 251526
224608 228684
127273 273501
28505 148450
99156 192014
188608 203760
211357 171999
86761 305837
63592 183410
106109 116580
212202 202289
128937 101290
270203 210960
305440 305441
131158 228996
209911 189867
163167 193247
304027 105631
265306 250278
240048 168716
189188 37744
205859 305253
39406 101290
173777 147577
24167 273860
272302 21208
217647 196283
202136 222172
285243 76020
301110 164803
221551 215150
205859 190763
138088 305247
211340 34953
203037 273896
191628 189000
83972 149107
190256 21096
132292 207620
228530 317725
194356 118152
181645 244085
175742 132634
203037 273896
170036 197843
203037 273896
149611 189700
231414 216868
214008 186143
201492 30228
180566 215236
126482 172045
292237 240990
239952 231375
178894 193247
217737 142428
253486 163968
189201 64688
73590 66651
177515 201267
168716 175930
324157 69459
48746 337123
180230 198523
138977 144029
196854 144042
159598 21319
217917 55087
220917 305100
80311 203448
316902 131984
178395 5957
199668 304790
260125 100389
211336 186143
73590 66651
157583 112170
52199 110245
292725 256402
77165 272199
84388 81734
184474 298467
131998 199263
64486 28572
105430 220613
239885 216484
305889 208069
76433 257492
272339 302829
65554 193247
191994 178679
191775 34227
195496 212577
61930 302648
29494 171479
256472 257799
228533 200992
299653 108411
113432 220613
176069 252639
177878 193247
112925 126841
256472 257799
304712 9066
60906 80070
133801 69459
147191 144411
225867 214008
241072 205269
183650 213343
198448 38461
83367 90870
125272 84334
2487 220009
191111 215236
283460 250413
274787 240392
199268 210437
157812 268049
69584 168552
214921 188019
291997 214334
2487 220009
137571 137597
193066 126482
132856 129361
207759 273029
235620 97118
217706 293266
228468 157681
209833 215236
144140 221639
163839 200992
203359 220613
219286 173423
260895 296875
191419 202642
203072 203891
244613 115608
115846 193247
191111 215236
157099 144029
213970 175153
167594 228519
111319 117517
169936 271172
266802 143592
114807 11081
249016 156196
299880 198052
296628 158943
274005 222780
310191 108560
123355 183221
266959 302478
245960 279813
264987 208069
192843 172045
131998 220613
86099 241057
296823 189000
206915 223265
305125 198083
117281 266345
231873 143578
227921 171087
208015 297488
303769 184782
160165 97118
191229 208015
294419 127551
207841 161142
187053 69584
271017 193247
204209 144029
159482 97118
240868 212577
209833 215236
127652 223698
171028 250278
199540 201267
162967 148282
186143 131969
113431 220613
224204 204282
89851 306037
314365 335800
199268 273479
213970 175153
305889 253828
187587 111424
189384 200002
207456 199263
189229 296079
96145 210417
106219 157605
193175 79647
25181 302360
168607 91153
187432 188467
153927 56275
229904 229794
133438 191580
178890 92805
39728 235295
159954 215236
115312 169364
213970 175153
91379 215236
177757 193325
264925 294408
214594 193258
207723 130601
128873 193247
173737 304582
69478 66346
85575 335932
202902 205859
305147 81734
176912 168716
163187 187044
171988 244085
253091 157605
215236 304618
199068 186259
207102 132745
189128 263303
188019 106122
189788 197518
290727 197843
197567 97172
186238 134614
148899 52553
269789 130775
116160 186144
128873 193247
131902 199117
199874 189000
295551 192066
183797 280893
122307 151060
207575 291977
220561 146146
205659 61473
203103 144029
184229 102994
163012 268174
61422 236200
115456 84964
149761 306445
83787 256524
183242 114634
61459 169404
166514 266433
183884 125865
182746 166264
267709 114147
88170 70364
19979 193524
266455 286441
149611 189700
189585 187541
45050 164137
204799 163968
223222 211225
160397 193790
214924 114087
66570 206414
260125 100389
199283 302490
13239 104710
169527 208879
154380 133738
197600 153944
301357 179242
264989 63853
39383 128087
132745 220727
85764 126841
22670 188060
207395 31983
88986 272339
48177 128087
171988 244085
112001 149055
294332 156310
190300 295598
60906 210098
140728 274205
291092 39945
69584 168552
216471 212215
294641 296807
142259 92180
267596 301083
203248 202636
154774 194162
190322 189161
69584 168552
109259 267742
33524 235066
182717 172838
296628 197863
185119 26453
207857 215236
270909 299713
176404 153469
122727 309818
190691 189867
92154 250278
193731 190383
146809 234582
181852 81666
214008 186143
84574 214644
129732 296811
220581 179074
119717 272238
204282 186994
293984 204080
222753 206333
130478 274910
35684 205859
264987 194162
149067 120371
189707 188594
202841 172045
176373 24501
194207 187541
223171 262370
273663 193247
253442 201879
290988 47465
249655 258913
126002 5141
140410 301913
274059 84016
182124 199263
274007 267329
265306 250278
191742 26609
67240 173536
298159 234712
197800 131160
94536 307724
218320 255524
200320 178784
205358 185522
55932 299636
268009 144029
301711 116268
131145 115564
137571 137597
279208 122348
6011 212577
89851 304616
106793 131969
89851 304616
211357 189579
89851 304616
258266 250278
51089 192257
197863 144029
326280 274205
102084 330368
132155 144029
163346 212192
171996 173565
167281 236200
75995 188019
230867 175742
89851 304616
188739 271265
258860 144140
205712 236263
299091 205453
286441 173423
187461 184571
42504 66897
304027 105631
200582 179142
64229 89020
134497 102288
31688 39245
5722 267136
312462 137597
224758 80844
24167 212577
193066 126482
283460 250413
77803 45009
131160 201058
171056 101927
155381 192607
165909 201058
274909 132395
298467 80755
20795 132526
109104 89756
45050 297769
215322 212469
190849 221567
62203 229256
304069 80404
246509 171028
173142 218954
103135 148914
175153 128882
205708 191421
305840 188739
184101 162121
219800 262898
328377 205731
175153 128882
143578 185198
107337 272362
336432 221136
272210 149578
191940 297983
132610 294624
259978 306018
199263 191996
214924 114087
161948 249430
216283 200992
132388 168716
105712 143907
253392 144029
236251 132745
305893 259041
86683 213014
205018 6922
105939 302478
205358 273505
182971 291092
131998 199263
171603 120214
213970 175153
99117 172617
133992 193254
145230 263590
132459 192066
146909 234582
201492 178900
177898 9732
253828 305889
142468 147625
202382 94629
191737 157421
311580 205453
313614 110947
169863 168716
167921 223213
252023 116299
118152 158927
98802 111206
223818 252417
203997 214603
197100 205859
303375 109371
290748 213461
204840 59358
163598 200002
142252 209077
224978 222835
176071 213758
191555 191746
69584 168552
312555 236210
252828 180780
304335 156857
252828 231944
169373 187451
106517 107473
91329 199772
172002 203448
260895 296875
276874 128087
328377 205731
176419 166036
13239 104710
222484 240841
256343 280902
200508 158239
172645 237129
189318 163257
224188 34466
100743 198224
207773 214020
201189 179501
120587 273123
20928 160938
167643 106407
106709 178394
191205 169551
176404 186998
48510 125902
177596 81195
205405 210717
247278 293124
287786 81130
299956 128794
258659 292231
306306 211395
201189 179501
132526 235618
203323 290345
233844 77063
156997 172513
214069 254022
204997 175741
225018 64097
188094 197197
155070 153944
104798 83444
28383 115560
43501 293124
190708 233671
272184 148643
198406 198285
223265 131969
158288 130879
252781 40980
205453 220613
193735 131160
227826 293971
84953 175930
202321 191421
173778 298902
210576 117475
300847 66346
296400 34240
149605 60387
274487 272339
31761 176714
201558 173423
97001 66172
199571 301113
182708 63324
165144 149956
132615 100389
62434 106108
189582 189000
336473 216484
290251 131329
212862 182717
292154 105134
81141 58714
65505 214644
159598 21319
204120 129929
293159 143369
96642 206953
211336 131781
315108 183044
173142 218954
112407 189000
24167 240990
177878 204331
176820 133171
117435 267596
52129 234582
205669 20895
24167 293124
67477 111539
131548 42624
64736 98746
198963 200992
194209 193127
208213 193107
173142 218954
267291 77843
214015 193524
115312 144029
99115 299085
138081 44649
35153 198928
143635 133738
220785 112244
132388 214921
210464 189224
208213 193107
229904 240091
311614 268755
88883 193740
84334 277208
192805 166585
296077 54938
290578 65941
302749 146096
305871 207123
89851 304616
132526 235618
265306 250278
216668 328377
207586 214565
222544 216531
7889 198458
48355 58266
222524 203448
199791 169749
100748 271310
100748 271310
218476 168552
218705 87886
321499 133426
155878 254355
272238 25487
275060 20628
215236 304618
260167 251726
203075 205453
263587 212577
106593 26453
198708 1878
260282 158927
239369 298456
186309 165391
229888 156773
240766 284797
235238 67178
203364 178741
328377 205731
177523 131969
65721 316935
272970 24324
211489 126829
198673 164575
131298 185650
299812 273971
304484 187586
229648 216484
304484 187586
226448 202204
275056 126829
176308 224758
193740 88883
125902 132632
230029 153093
158288 130879
199268 273479
106116 67718
146146 159328
149761 60780
65548 185185
173565 253366
321991 206962
206299 251726
96333 207102
256527 272210
163646 216946
99631 166470
306098 311947
203448 169498
131154 207102
111443 116580
23445 28156
270026 57039
310080 237892
42368 201659
77738 206018
128883 193247
301769 214454
312555 131106
212862 182717
103732 104500
106116 67718
191419 281371
62566 65696
184615 265213
131160 207102
46955 214921
290345 296947
229904 19170
207586 273971
132259 200456
237934 150983
265452 265306
198704 189100
13239 104710
24167 26453
89756 148914
304932 104211
214921 290750
231662 59187
177897 196375
186516 194209
265452 265306
132206 192014
155070 189000
173313 261153
225048 262370
126061 178043
242618 190632
112925 127326
160082 127233
273269 132856
154776 189000
273846 161128
200487 293124
126829 173423
209797 210729
149343 317607
299956 107767
229904 240091
253360 298947
306831 126482
25386 65555
129346 82008
134692 143578
210168 63556
235148 204282
336474 216484
256527 180152
30705 193740
292231 267312
256718 20628
169404 272339
187884 208360
238014 295331
293222 258845
258539 223265
62063 292101
221163 294624
138369 167019
198928 190380
208658 294418
227902 198006
264989 253289
148893 23504
127829 39223
60577 95448
193728 191421
207672 188081
194150 321069
171097 140070
211568 336473
157681 191119
131969 214477
34702 186309
84304 95934
107325 144660
302479 87633
187060 213732
99103 108410
190908 203062
268760 144117
246457 286441
305148 65728
198315 6922
149343 317607
257419 131939
191452 291736
98447 171078
43249 329569
176862 166264
267440 97001
140355 122266
315963 183044
121102 317091
168017 321069
252828 231944
183245 211030
221552 215150
211027 234730
197572 215528
199109 64688
221552 215150
228615 297165
201317 202898
138810 178429
159389 104385
123782 188094
157945 213758
210493 334469
253392 144029
266802 245755
260158 234772
77686 267808
192030 250278
158202 20628
188504 194209
174556 303606
254442 262370
191895 267480
127719 317036
138810 178429
190349 199263
235619 97118
272244 177101
214491 214921
193418 204204
222547 34466
132745 186143
293874 51110
136603 134412
253337 207971
163704 219502
60606 60982
199109 64688
207716 205671
272058 108437
142259 213758
142254 128087
312548 250278
272357 303209
274784 28521
207140 202291
198919 301013
213995 54558
204282 186994
231415 189696
214924 89032
203997 131969
147669 259258
240392 267596
204304 205307
191732 125882
188673 131969
241268 265877
211489 197956
305889 55109
171418 220727
210581 132562
297583 144029
155381 125675
42747 66897
203168 56021
200052 159757
118268 34541
108439 111539
66025 305151
20831 235654
214921 188019
59701 132259
131211 117607
88883 193740
106131 30228
52969 240392
305195 38461
213010 115649
106131 30228
98126 86651
233106 271621
216123 117908
199274 220613
140728 274205
226448 202204
207315 112010
263303 88818
217499 220613
69189 132626
191340 220603
106143 183229
296511 12043
49254 297213
217478 183884
159599 7188
207836 272343
142254 128087
291349 272238
131329 231158
285360 56777
211795 291127
45050 303793
108439 111539
143576 239604
89449 94629
24056 7188
132562 24167
62068 183540
189384 202342
163093 166503
154776 223203
251726 81666
173457 290187
130224 202706
175743 48932
56581 167261
104382 63556
172191 132562
267537 200890
296878 56275
20451 157681
188614 250413
223448 257648
233681 185528
336432 46434
171432 216208
106797 189005
268808 268695
274007 223203
301591 25397
91329 203940
191544 189563
177581 185745
34677 178784
56275 272246
174978 197612
258433 186730
189579 108597
185577 185528
36133 161048
336393 209285
297017 287308
82167 79675
143576 20985
46001 216315
214921 128882
240201 264928
189452 163704
231007 197417
127719 144223
194273 130839
306829 205671
185927 165074
229364 290345
132467 133712
77687 149578
206290 183221
267749 139873
186290 165391
215186 201174
178395 56903
223815 262370
173450 159225
110379 166784
117683 131267
131273 200002
215236 304618
149051 95699
223942 204891
274487 272339
205705 299591
90114 138166
167025 143592
133424 208570
42625 35586
305103 239914
25804 324755
90394 119631
258419 23442
36133 161048
167372 235618
90359 262370
25804 324755
133400 39417
147196 112308
116311 108363
153604 149858
279813 155469
169364 201058
131298 185650
207958 195966
136783 279190
291421 235875
67712 131969
166823 72368
8344 169936
266296 271057
142026 108432
260282 65726
295602 176626
88956 250278
189634 272199
272973 189589
191543 131160
160972 45942
104382 324946
61078 171430
190246 194015
224326 207672
65815 290981
273043 160167
204461 191366
228519 217917
150534 150988
166867 109539
155059 198101
272184 148643
297540 334168
149369 157303
95685 32856
131211 95689
165136 296400
321536 155063
252986 132493
46105 272199
194320 164575
127536 133721
25873 103151
220612 66570
36133 168340
183044 63079
169364 201058
274436 272339
269985 12043
36133 168340
155071 198006
216923 209833
86656 83444
20831 235654
256111 189611
224175 178899
198266 169686
171028 213758
160027 168552
188229 26609
207144 107181
268311 77060
137597 312462
290511 203997
220613 95934
295286 268761
55087 95934
185927 165074
160736 177596
186143 189224
216767 209255
272467 110622
121471 336160
184200 214008
266296 49988
38998 86761
290756 177479
251995 26259
189299 188026
147948 189000
189579 294477
193396 108410
199268 189867
305173 106407
97615 311580
185509 198006
167960 215830
222992 252628
199267 30272
155878 136593
251726 127661
218532 207102
295001 98746
239496 171785
109301 64445
97615 94705
304027 189575
193732 186017
44886 303877
184691 160271
191008 186143
137597 312462
91329 203940
80839 111129
99103 108410
159427 163187
203062 189000
216538 211336
203075 205453
185119 164242
285606 305886
203062 189000
107945 149054
194234 126946
272198 108270
217443 213758
301052 245755
108404 185704
273988 91856
201346 81734
89937 271057
185310 233303
174978 178585
20906 203985
239819 165609
48510 125902
186143 166264
291925 216484
309102 220070
316659 88275
330368 118152
188636 180541
202872 207620
295778 273247
191626 131273
328377 205731
197600 153944
190347 199263
38999 83923
69584 168552
223490 95934
254428 254419
163093 131160
165409 203470
262898 271377
173313 261153
164381 200992
176261 336432
219788 183325
253392 144029
240067 220613
283469 274120
221517 86761
188614 250413
297023 251152
115312 144029
194111 113045
166962 267136
102288 165901
166264 190465
180566 205859
188894 272466
260126 267480
142259 213758
111406 211695
142249 84054
106122 240392
187206 253393
294896 303542
5143 192974
44649 189649
164381 191311
190187 127372
154132 185528
223685 299434
189556 97495
188019 213758
132610 188019
131968 52587
131544 39417
130846 64455
263585 95170
80072 77711
300858 135394
117892 306018
54869 191244
285570 186986
186547 189563
201267 172045
313636 294224
305283 148708
64473 67935
56537 250278
301769 214454
204684 220613
65545 96671
195675 216484
150870 189563
259524 185704
218320 257956
304580 191099
155063 148284
160530 192066
291925 216484
137597 312462
176366 190295
178162 241072
197956 296899
96537 212577
157605 295622
78893 71789
179475 180566
132526 223364
188173 172045
312548 302257
197796 148708
312555 131106
147948 267971
210945 167246
228683 197417
193073 313614
322850 142927
144741 131835
223265 198032
122757 160385
199048 297749
190295 115312
205131 115312
206299 251726
299956 107767
148856 147087
25406 269412
193310 131969
219289 205082
164575 153093
61819 298999
210464 184200
65545 96671
143578 193107
253321 166229
174556 303606
87432 109612
177596 153469
268211 132856
182105 77170
119634 91845
260282 158927
88917 143578
199272 150892
109620 204277
194220 20307
190344 163187
240495 159431
165402 214603
328377 205731
143578 147209
259062 226448
80072 138088
304484 187588
310924 305957
163165 200992
92821 17000
207731 77123
201314 168607
80766 64141
7800 197863
253361 127701
274016 161211
183244 189000
188094 177101
158199 138088
1876 128882
194168 190662
154517 143651
61785 99072
91635 84291
183684 127586
240260 165454
65951 250278
133843 58266
58698 100198
66025 305151
176623 157141
130976 76961
175817 216315
191340 220603
198406 95029
213248 233726
253230 230651
305888 191362
115310 131795
156096 105876
165909 234730
159716 250143
125776 118571
164246 228036
172005 293981
