(job No.) (worker No.)
4998 0
4997 1
4996 2
4995 3
2334 4
3504 5
2666 6
4991 7
4990 8
3411 9
2057 10
4989 11
4988 12
1286 13
4987 14
4986 15
4985 16
4984 17
1075 18
4983 19
4982 20
3992 21
4980 22
4979 23
4978 24
4977 25
4976 26
4975 27
4974 28
4973 29
2255 30
4972 31
663 32
4970 33
4969 34
4968 35
4967 36
4966 37
4965 38
989 39
4869 40
4964 41
4963 42
4962 43
4961 44
4960 45
1636 46
823 47
4958 48
4957 49
4956 50
3721 51
4954 52
4953 53
4952 54
4951 55
205 56
4949 57
4948 58
4947 59
3389 60
4945 61
4944 62
4943 63
4942 64
4527 65
4586 66
4940 67
2658 68
4939 69
2586 70
4938 71
4937 72
4936 73
4935 74
4934 75
4933 76
2857 77
4931 78
4930 79
3532 80
2963 81
4928 82
4927 83
1009 84
4926 85
4925 86
3604 87
4923 88
4253 89
3939 90
4921 91
4920 92
4705 93
1809 94
4918 95
2766 96
585 97
4916 98
289 99
4915 100
3437 101
4913 102
4912 103
4911 104
3349 105
4909 106
4314 107
3323 108
4908 109
1927 110
4907 111
4906 112
4905 113
4533 114
2753 115
1765 116
4904 117
4903 118
4737 119
4901 120
4900 121
4899 122
4898 123
4897 124
4896 125
2171 126
4334 127
4895 128
707 129
4894 130
4893 131
33 132
2002 133
4891 134
2302 135
4619 136
4889 137
4888 138
93 139
4887 140
4886 141
630 142
1542 143
4885 144
4884 145
3418 146
4883 147
4882 148
3980 149
4881 150
4355 151
4879 152
1473 153
4877 154
4876 155
4620 156
383 157
4874 158
4873 159
4872 160
4871 161
4870 162
1614 163
957 164
799 165
4868 166
4867 167
4866 168
4865 169
2044 170
4863 171
4822 172
2180 173
4861 174
4860 175
4859 176
23 177
4858 178
4857 179
4856 180
4855 181
4854 182
3776 183
2080 184
4851 185
4850 186
4849 187
4848 188
4847 189
4846 190
4955 191
4195 192
3831 193
4844 194
4843 195
1528 196
1435 197
4841 198
4840 199
2650 200
2668 201
4875 202
4839 203
4761 204
4837 205
4714 206
1855 207
4835 208
4902 209
3873 210
4833 211
4832 212
4831 213
4830 214
3725 215
4829 216
4828 217
4827 218
1848 219
2580 220
652 221
4826 222
4825 223
4824 224
2381 225
3596 226
4821 227
317 228
2729 229
4820 230
4819 231
4818 232
2874 233
2800 234
4817 235
1024 236
4815 237
4814 238
4813 239
4812 240
3204 241
4233 242
2714 243
4810 244
3379 245
2615 246
4807 247
4806 248
4805 249
4804 250
4599 251
4803 252
4802 253
4801 254
3402 255
4799 256
3067 257
3771 258
4797 259
19 260
4796 261
4795 262
434 263
4793 264
3350 265
4791 266
1588 267
4790 268
4250 269
4788 270
1664 271
4786 272
4785 273
4349 274
4221 275
4782 276
4781 277
4780 278
1207 279
4779 280
4778 281
54 282
4776 283
2363 284
4774 285
4773 286
3325 287
4772 288
1980 289
303 290
4771 291
4770 292
2985 293
4769 294
4845 295
4768 296
3852 297
3556 298
4765 299
4764 300
4763 301
1907 302
4762 303
4592 304
405 305
3595 306
4759 307
4758 308
4123 309
4756 310
4755 311
3539 312
4754 313
4753 314
990 315
4751 316
4608 317
4749 318
3385 319
2047 320
4746 321
4745 322
4744 323
4743 324
3024 325
4741 326
4740 327
4739 328
1908 329
4738 330
4736 331
2655 332
4890 333
798 334
4733 335
1475 336
4347 337
4730 338
4729 339
4728 340
2442 341
3115 342
4211 343
4152 344
4725 345
1770 346
4657 347
4724 348
4723 349
2533 350
4721 351
4720 352
3377 353
2349 354
1441 355
4718 356
4717 357
1117 358
4716 359
2952 360
1991 361
2837 362
4715 363
1649 364
4712 365
4711 366
4710 367
3407 368
4708 369
4707 370
4706 371
4621 372
4704 373
4703 374
4702 375
4701 376
3863 377
4699 378
4698 379
1877 380
4696 381
4695 382
1261 383
4693 384
4692 385
4691 386
2151 387
4689 388
859 389
26 390
4688 391
4687 392
4742 393
4686 394
2847 395
4684 396
4683 397
2507 398
4680 399
3241 400
4679 401
4678 402
4292 403
4677 404
2517 405
4676 406
4675 407
4516 408
4674 409
1325 410
2746 411
4671 412
4670 413
4669 414
4667 415
3479 416
4665 417
3107 418
295 419
4664 420
4663 421
4662 422
4661 423
1694 424
4659 425
4658 426
3316 427
4491 428
4656 429
1709 430
4653 431
1780 432
4652 433
2161 434
4651 435
4650 436
4649 437
4648 438
4647 439
4645 440
1712 441
4643 442
837 443
4641 444
2899 445
1181 446
4639 447
4638 448
4637 449
4636 450
4635 451
4634 452
4633 453
3036 454
4632 455
3669 456
4631 457
4630 458
4629 459
4731 460
4628 461
4941 462
4627 463
4626 464
4625 465
4624 466
3580 467
1775 468
1368 469
126 470
77 471
1791 472
797 473
4622 474
359 475
4618 476
4617 477
4616 478
4615 479
4614 480
4613 481
4612 482
4611 483
4610 484
1060 485
4609 486
239 487
4607 488
806 489
4604 490
1960 491
4603 492
4606 493
4443 494
4602 495
4601 496
712 497
4392 498
4047 499
4598 500
3638 501
4597 502
4596 503
2184 504
4595 505
3226 506
4593 507
4591 508
4590 509
1382 510
1572 511
2980 512
4144 513
4585 514
237 515
4584 516
4583 517
4582 518
4581 519
4580 520
4579 521
4578 522
2485 523
4576 524
4587 525
3173 526
4784 527
2961 528
4573 529
4572 530
4110 531
4571 532
4570 533
1644 534
4173 535
4002 536
1647 537
4569 538
4568 539
4567 540
4566 541
4564 542
4563 543
968 544
4561 545
4560 546
4559 547
4558 548
4557 549
2539 550
4556 551
4555 552
4554 553
4553 554
4552 555
4551 556
4488 557
4550 558
2627 559
2434 560
1512 561
4546 562
4545 563
4544 564
4543 565
2407 566
4541 567
2143 568
2217 569
4540 570
4539 571
4538 572
4537 573
4382 574
4535 575
4534 576
3181 577
598 578
4532 579
4531 580
1861 581
1417 582
4529 583
4528 584
3200 585
3193 586
4526 587
4525 588
4524 589
651 590
4523 591
4522 592
3618 593
15 594
4521 595
4520 596
2145 597
4519 598
4518 599
4517 600
2422 601
4515 602
4514 603
4513 604
4512 605
4511 606
4510 607
4509 608
3808 609
4507 610
4506 611
2774 612
4418 613
3279 614
4504 615
4503 616
4502 617
4501 618
4500 619
3720 620
1317 621
4499 622
4497 623
4496 624
4495 625
4494 626
4493 627
4429 628
4492 629
4490 630
4489 631
3551 632
2208 633
4414 634
4486 635
4485 636
4484 637
4483 638
259 639
4880 640
3979 641
4481 642
4480 643
4479 644
4478 645
2713 646
4477 647
699 648
4475 649
4248 650
1154 651
4474 652
3208 653
2999 654
3944 655
4789 656
4469 657
4468 658
2010 659
4318 660
4467 661
4466 662
1520 663
4464 664
2840 665
4463 666
3145 667
4462 668
2095 669
4402 670
4459 671
4458 672
4457 673
4456 674
1182 675
4455 676
497 677
3538 678
4853 679
4453 680
4452 681
4296 682
4783 683
1573 684
4450 685
4449 686
4448 687
4447 688
4446 689
2976 690
4445 691
4444 692
3231 693
4442 694
2432 695
4441 696
4440 697
4439 698
2009 699
1097 700
4436 701
4435 702
4433 703
4811 704
4432 705
4431 706
3796 707
4413 708
3031 709
4430 710
1975 711
4427 712
4426 713
4425 714
2078 715
4424 716
2039 717
4423 718
4422 719
479 720
4542 721
4421 722
4420 723
4419 724
4299 725
4417 726
4416 727
4415 728
4370 729
4428 730
511 731
2676 732
4412 733
1058 734
4411 735
4410 736
4409 737
4408 738
4407 739
4406 740
570 741
4405 742
4404 743
3417 744
4247 745
743 746
4401 747
2758 748
4400 749
4201 750
4398 751
4397 752
3162 753
4395 754
4394 755
4024 756
904 757
4393 758
3519 759
159 760
4389 761
4388 762
2001 763
4387 764
4386 765
4385 766
4384 767
4383 768
4381 769
4380 770
4379 771
4378 772
2916 773
2366 774
706 775
4376 776
3491 777
4374 778
2307 779
4372 780
4371 781
4369 782
2898 783
2378 784
4366 785
4365 786
4364 787
4363 788
4362 789
36 790
4361 791
4360 792
1378 793
4359 794
4358 795
4357 796
4356 797
4354 798
4353 799
4352 800
4351 801
4350 802
4348 803
2034 804
4345 805
4344 806
4343 807
4342 808
4959 809
4341 810
4340 811
4339 812
4338 813
4337 814
1720 815
4335 816
4226 817
4333 818
2710 819
4331 820
3406 821
4330 822
3014 823
4328 824
3818 825
2270 826
4787 827
1829 828
4325 829
4324 830
4323 831
2730 832
4322 833
3457 834
4321 835
2940 836
4319 837
3755 838
1458 839
4316 840
4315 841
2778 842
4313 843
4312 844
1706 845
4119 846
4310 847
4309 848
4308 849
4307 850
4306 851
3693 852
4305 853
4304 854
4303 855
2192 856
4302 857
4301 858
4300 859
4298 860
4297 861
1292 862
1925 863
3789 864
3540 865
1910 866
1191 867
4293 868
1504 869
4291 870
4290 871
4289 872
4295 873
2793 874
609 875
4286 876
4285 877
1522 878
4284 879
2420 880
4282 881
1137 882
1422 883
4280 884
4279 885
4278 886
4277 887
4276 888
4275 889
4274 890
4273 891
4272 892
1385 893
4270 894
4269 895
4268 896
4267 897
4266 898
3656 899
46 900
4265 901
4264 902
4263 903
3207 904
4261 905
4260 906
197 907
1190 908
4258 909
4257 910
4256 911
2677 912
2315 913
4255 914
4254 915
1711 916
574 917
4252 918
4251 919
4249 920
3683 921
1691 922
946 923
854 924
4244 925
4243 926
4242 927
4241 928
4240 929
4239 930
4238 931
4237 932
4236 933
4235 934
4234 935
3652 936
4232 937
3114 938
4231 939
4230 940
2609 941
4228 942
4227 943
4225 944
668 945
4224 946
96 947
4223 948
4222 949
1750 950
4218 951
4217 952
4216 953
2813 954
4215 955
150 956
4213 957
4212 958
1393 959
4878 960
3913 961
4209 962
1111 963
4208 964
4207 965
4206 966
1986 967
4205 968
4204 969
3243 970
4203 971
1668 972
4202 973
4917 974
861 975
1066 976
132 977
4200 978
849 979
4199 980
4198 981
3515 982
4197 983
3510 984
4194 985
4192 986
4191 987
3060 988
4190 989
4189 990
3518 991
4188 992
4187 993
4186 994
4185 995
4184 996
542 997
2036 998
4183 999
3929 1000
3217 1001
920 1002
4181 1003
4700 1004
4180 1005
4178 1006
4177 1007
623 1008
4176 1009
549 1010
4175 1011
4174 1012
3089 1013
4172 1014
4171 1015
1460 1016
4170 1017
4167 1018
4166 1019
4165 1020
4164 1021
4163 1022
3124 1023
164 1024
4161 1025
4160 1026
4159 1027
4158 1028
2935 1029
3113 1030
421 1031
4154 1032
2576 1033
2019 1034
3857 1035
4151 1036
766 1037
644 1038
4149 1039
4062 1040
4147 1041
4146 1042
4145 1043
4143 1044
4142 1045
4141 1046
1651 1047
2055 1048
4140 1049
4106 1050
884 1051
4137 1052
4136 1053
4135 1054
4134 1055
4133 1056
4132 1057
4131 1058
2570 1059
457 1060
4130 1061
4129 1062
4127 1063
4126 1064
4125 1065
4124 1066
3815 1067
98 1068
4121 1069
4120 1070
3266 1071
4118 1072
4117 1073
4116 1074
4115 1075
4114 1076
4113 1077
4112 1078
6 1079
4111 1080
2436 1081
1443 1082
4109 1083
53 1084
4108 1085
4107 1086
2885 1087
473 1088
3310 1089
4105 1090
4104 1091
4103 1092
4101 1093
4100 1094
4099 1095
4098 1096
4097 1097
4096 1098
4095 1099
874 1100
4094 1101
4093 1102
4092 1103
1825 1104
4090 1105
1943 1106
2815 1107
4087 1108
4086 1109
4085 1110
4084 1111
4083 1112
4081 1113
4080 1114
4079 1115
4078 1116
505 1117
4076 1118
4075 1119
1268 1120
4074 1121
4073 1122
4072 1123
2216 1124
4071 1125
4070 1126
4069 1127
4068 1128
4067 1129
4066 1130
3545 1131
4065 1132
2082 1133
4064 1134
1531 1135
4063 1136
4061 1137
4060 1138
4059 1139
2451 1140
4057 1141
4056 1142
4055 1143
4054 1144
4053 1145
4052 1146
4051 1147
4403 1148
4050 1149
4049 1150
4048 1151
3700 1152
3614 1153
4046 1154
4834 1155
804 1156
4045 1157
4044 1158
223 1159
4043 1160
3938 1161
4041 1162
3972 1163
2876 1164
4040 1165
4039 1166
4038 1167
1197 1168
4036 1169
4035 1170
4034 1171
2598 1172
4033 1173
4032 1174
965 1175
3269 1176
194 1177
4031 1178
4030 1179
1852 1180
4028 1181
1998 1182
4026 1183
3869 1184
30 1185
4025 1186
4023 1187
576 1188
4022 1189
4021 1190
2923 1191
4020 1192
4019 1193
850 1194
4058 1195
4922 1196
4017 1197
4016 1198
4006 1199
2546 1200
2387 1201
311 1202
872 1203
4014 1204
4013 1205
4012 1206
895 1207
4981 1208
4010 1209
4009 1210
4008 1211
1511 1212
4007 1213
2489 1214
2936 1215
618 1216
214 1217
4005 1218
4004 1219
1472 1220
4003 1221
3534 1222
4001 1223
4000 1224
3999 1225
2654 1226
3691 1227
3997 1228
3996 1229
2042 1230
3995 1231
3369 1232
3994 1233
3993 1234
2844 1235
3922 1236
3990 1237
3989 1238
3988 1239
3987 1240
3985 1241
3984 1242
3983 1243
305 1244
2408 1245
1968 1246
3854 1247
1670 1248
672 1249
2829 1250
3976 1251
1105 1252
3974 1253
3973 1254
2443 1255
3971 1256
3970 1257
3969 1258
3968 1259
3967 1260
3966 1261
192 1262
3964 1263
3963 1264
4640 1265
3962 1266
3961 1267
3960 1268
2725 1269
3958 1270
1558 1271
1648 1272
3955 1273
900 1274
4798 1275
3953 1276
3952 1277
3977 1278
3628 1279
3917 1280
3951 1281
3950 1282
3183 1283
3949 1284
3948 1285
3947 1286
3946 1287
3744 1288
3945 1289
1217 1290
4128 1291
3943 1292
3942 1293
3941 1294
2757 1295
3072 1296
2249 1297
3940 1298
3829 1299
3937 1300
2527 1301
3934 1302
3933 1303
3932 1304
3931 1305
3354 1306
3930 1307
2458 1308
2649 1309
3928 1310
1203 1311
3008 1312
3927 1313
3926 1314
3925 1315
1561 1316
3924 1317
3923 1318
3881 1319
2931 1320
3921 1321
3920 1322
3919 1323
3918 1324
1041 1325
3916 1326
3915 1327
1650 1328
3912 1329
3911 1330
3910 1331
3909 1332
3908 1333
3907 1334
3906 1335
2908 1336
3028 1337
1242 1338
1965 1339
3904 1340
365 1341
3903 1342
3902 1343
3901 1344
3900 1345
3899 1346
3898 1347
3897 1348
3895 1349
3894 1350
76 1351
69 1352
3893 1353
3892 1354
3891 1355
3890 1356
3889 1357
3888 1358
3886 1359
178 1360
2473 1361
3884 1362
4399 1363
3959 1364
3883 1365
2629 1366
1708 1367
3644 1368
3530 1369
3880 1370
3879 1371
3878 1372
3882 1373
1560 1374
3876 1375
3875 1376
368 1377
3872 1378
829 1379
3713 1380
3870 1381
670 1382
3868 1383
3867 1384
3866 1385
3865 1386
3864 1387
2522 1388
3862 1389
4157 1390
3861 1391
3860 1392
3859 1393
1112 1394
4760 1395
1793 1396
3856 1397
2519 1398
3855 1399
42 1400
3853 1401
3851 1402
4600 1403
3850 1404
3849 1405
3848 1406
3847 1407
2471 1408
3846 1409
3845 1410
2306 1411
3564 1412
4666 1413
3844 1414
4042 1415
3843 1416
3842 1417
3841 1418
3840 1419
3839 1420
3838 1421
3837 1422
1680 1423
3554 1424
3835 1425
3138 1426
2435 1427
3834 1428
3833 1429
3100 1430
3832 1431
2819 1432
4088 1433
3443 1434
3830 1435
1318 1436
4396 1437
1299 1438
3828 1439
1890 1440
3827 1441
280 1442
3826 1443
3825 1444
2540 1445
3715 1446
1539 1447
1204 1448
3823 1449
3822 1450
3821 1451
3466 1452
2969 1453
3820 1454
3819 1455
2413 1456
3817 1457
3816 1458
3814 1459
4766 1460
221 1461
3813 1462
3812 1463
3811 1464
2347 1465
161 1466
3263 1467
3807 1468
3806 1469
933 1470
2702 1471
3803 1472
3802 1473
2368 1474
3800 1475
3799 1476
3798 1477
3797 1478
3151 1479
3795 1480
3794 1481
3792 1482
3619 1483
1619 1484
290 1485
1847 1486
3790 1487
3476 1488
4473 1489
3998 1490
3788 1491
118 1492
2149 1493
3785 1494
621 1495
3784 1496
3783 1497
3782 1498
1727 1499
3780 1500
3779 1501
2698 1502
1506 1503
3777 1504
4327 1505
4672 1506
3775 1507
3009 1508
3774 1509
3773 1510
3772 1511
3804 1512
2582 1513
3770 1514
1319 1515
3768 1516
3767 1517
3766 1518
3765 1519
3764 1520
3763 1521
3762 1522
4153 1523
667 1524
3761 1525
4329 1526
3801 1527
825 1528
3758 1529
548 1530
956 1531
3757 1532
2508 1533
3756 1534
3754 1535
3127 1536
1313 1537
3752 1538
3749 1539
3748 1540
3747 1541
3746 1542
2960 1543
590 1544
2528 1545
3686 1546
3743 1547
3778 1548
336 1549
3741 1550
1693 1551
3740 1552
3738 1553
3737 1554
3736 1555
3735 1556
3733 1557
3732 1558
4709 1559
3731 1560
3272 1561
3896 1562
3730 1563
3729 1564
3728 1565
3473 1566
3727 1567
3726 1568
3531 1569
2444 1570
3723 1571
3237 1572
3722 1573
3156 1574
3719 1575
3718 1576
3717 1577
3716 1578
145 1579
495 1580
973 1581
2356 1582
3695 1583
352 1584
3714 1585
1574 1586
3710 1587
3708 1588
4320 1589
130 1590
3584 1591
754 1592
3517 1593
3707 1594
3706 1595
3705 1596
616 1597
3061 1598
3704 1599
3703 1600
3702 1601
3470 1602
3701 1603
3699 1604
3698 1605
3697 1606
2909 1607
3610 1608
3696 1609
3692 1610
2763 1611
82 1612
1941 1613
3689 1614
3687 1615
4924 1616
2223 1617
3620 1618
3685 1619
3682 1620
3681 1621
3680 1622
3679 1623
4594 1624
4219 1625
2938 1626
3678 1627
3677 1628
3676 1629
2924 1630
3675 1631
3674 1632
2845 1633
4549 1634
3673 1635
3672 1636
3671 1637
3471 1638
3668 1639
3667 1640
3666 1641
3665 1642
1672 1643
3663 1644
3662 1645
3661 1646
301 1647
2125 1648
3659 1649
1273 1650
3655 1651
3654 1652
3653 1653
2775 1654
3651 1655
3650 1656
3649 1657
4660 1658
3239 1659
3647 1660
3311 1661
3646 1662
3150 1663
3645 1664
2352 1665
1799 1666
3642 1667
3641 1668
3640 1669
3639 1670
953 1671
981 1672
3637 1673
3636 1674
3635 1675
3634 1676
3633 1677
3632 1678
3631 1679
1266 1680
741 1681
2416 1682
2679 1683
3627 1684
3626 1685
4377 1686
1700 1687
3625 1688
3624 1689
4808 1690
135 1691
4368 1692
3623 1693
4288 1694
3622 1695
4864 1696
3621 1697
2566 1698
2051 1699
2207 1700
3077 1701
3617 1702
2761 1703
2902 1704
3613 1705
3390 1706
573 1707
3981 1708
3426 1709
3611 1710
3609 1711
3608 1712
2372 1713
4471 1714
523 1715
3606 1716
1932 1717
3271 1718
898 1719
3603 1720
3602 1721
3599 1722
3598 1723
4809 1724
2687 1725
3343 1726
1834 1727
3597 1728
3445 1729
3552 1730
3594 1731
2457 1732
2841 1733
3593 1734
2339 1735
3978 1736
2712 1737
3592 1738
2467 1739
3591 1740
3590 1741
3589 1742
3588 1743
3587 1744
2456 1745
3585 1746
2592 1747
3582 1748
3581 1749
3314 1750
3579 1751
3578 1752
3577 1753
3576 1754
3575 1755
4792 1756
3574 1757
3573 1758
1285 1759
3571 1760
3570 1761
4317 1762
3569 1763
3334 1764
3567 1765
826 1766
3565 1767
2213 1768
3563 1769
3562 1770
410 1771
1815 1772
3559 1773
2825 1774
3558 1775
3557 1776
1892 1777
2205 1778
3553 1779
1859 1780
2987 1781
3102 1782
3550 1783
3549 1784
3548 1785
3547 1786
3546 1787
2463 1788
3544 1789
3543 1790
3542 1791
3541 1792
3258 1793
3537 1794
3536 1795
4914 1796
117 1797
3477 1798
3345 1799
3529 1800
3528 1801
4229 1802
3527 1803
3526 1804
1738 1805
3525 1806
3523 1807
1095 1808
3522 1809
3521 1810
3520 1811
2806 1812
1093 1813
2578 1814
1395 1815
640 1816
3516 1817
3514 1818
3513 1819
3512 1820
3511 1821
4993 1822
2990 1823
4971 1824
3509 1825
3508 1826
4332 1827
3507 1828
3506 1829
3505 1830
3503 1831
1758 1832
3501 1833
3006 1834
2555 1835
3500 1836
3499 1837
3498 1838
2303 1839
3497 1840
1894 1841
3495 1842
3494 1843
3493 1844
2496 1845
3492 1846
3490 1847
4565 1848
3489 1849
3488 1850
3486 1851
3485 1852
3484 1853
3483 1854
3482 1855
3481 1856
3480 1857
3478 1858
2296 1859
2177 1860
3474 1861
2550 1862
3472 1863
3824 1864
3305 1865
3166 1866
3047 1867
3469 1868
3467 1869
3465 1870
3464 1871
3463 1872
3462 1873
3461 1874
4574 1875
3460 1876
3459 1877
3458 1878
2662 1879
316 1880
3456 1881
812 1882
3455 1883
4451 1884
939 1885
4910 1886
3453 1887
3452 1888
4946 1889
267 1890
865 1891
3449 1892
3448 1893
3447 1894
3605 1895
1547 1896
3281 1897
4726 1898
3446 1899
3442 1900
3441 1901
3440 1902
3439 1903
3438 1904
2267 1905
4375 1906
3435 1907
3434 1908
3433 1909
3432 1910
3431 1911
3430 1912
3429 1913
3428 1914
3427 1915
3425 1916
3424 1917
3423 1918
3422 1919
340 1920
3421 1921
3420 1922
3419 1923
1514 1924
3416 1925
3078 1926
3415 1927
3414 1928
3413 1929
3412 1930
3410 1931
1733 1932
1507 1933
3409 1934
3408 1935
3405 1936
3404 1937
2772 1938
3403 1939
3401 1940
1979 1941
1068 1942
879 1943
3400 1944
3399 1945
3398 1946
3397 1947
614 1948
3396 1949
529 1950
258 1951
1615 1952
2948 1953
3021 1954
4505 1955
3394 1956
1015 1957
3206 1958
3392 1959
3391 1960
480 1961
2251 1962
1674 1963
3388 1964
3042 1965
3386 1966
3384 1967
3383 1968
2071 1969
3289 1970
3382 1971
2632 1972
3378 1973
3045 1974
3376 1975
3375 1976
1160 1977
2560 1978
3374 1979
3373 1980
1613 1981
3372 1982
3371 1983
2175 1984
3368 1985
3367 1986
3366 1987
3365 1988
3364 1989
3363 1990
3362 1991
771 1992
3361 1993
3360 1994
2855 1995
1080 1996
341 1997
3358 1998
3357 1999
3356 2000
3355 2001
3353 2002
3352 2003
3336 2004
3351 2005
3905 2006
3348 2007
3347 2008
1258 2009
4748 2010
3344 2011
3341 2012
3340 2013
3339 2014
3338 2015
3337 2016
3335 2017
3333 2018
3332 2019
1353 2020
2559 2021
2879 2022
3331 2023
3330 2024
3329 2025
3328 2026
2388 2027
146 2028
131 2029
3326 2030
3057 2031
3324 2032
3222 2033
1621 2034
3322 2035
3321 2036
3320 2037
3319 2038
3317 2039
2915 2040
3152 2041
3315 2042
3312 2043
2054 2044
2250 2045
3309 2046
3308 2047
2962 2048
3307 2049
913 2050
3306 2051
4283 2052
3172 2053
3304 2054
2046 2055
1888 2056
3303 2057
3302 2058
3301 2059
775 2060
3298 2061
3297 2062
3296 2063
3295 2064
3294 2065
3293 2066
3292 2067
3291 2068
3290 2069
1227 2070
3017 2071
3287 2072
3286 2073
992 2074
3285 2075
3284 2076
1971 2077
3283 2078
2699 2079
3282 2080
3280 2081
1226 2082
3278 2083
3277 2084
3276 2085
3275 2086
3274 2087
3273 2088
3246 2089
2110 2090
1014 2091
3268 2092
3935 2093
3267 2094
3038 2095
1180 2096
3264 2097
240 2098
3262 2099
3261 2100
3781 2101
3260 2102
3259 2103
3257 2104
3255 2105
3254 2106
3253 2107
3252 2108
3251 2109
3250 2110
3249 2111
3248 2112
3247 2113
1471 2114
3245 2115
3244 2116
2286 2117
3242 2118
2858 2119
3240 2120
3956 2121
3238 2122
3070 2123
3236 2124
3235 2125
3234 2126
4685 2127
2179 2128
3232 2129
3230 2130
3229 2131
3227 2132
3225 2133
3224 2134
764 2135
2652 2136
3223 2137
3221 2138
3858 2139
3220 2140
3219 2141
3218 2142
2878 2143
774 2144
271 2145
1774 2146
3215 2147
3214 2148
3213 2149
3212 2150
3711 2151
3211 2152
3210 2153
3209 2154
1120 2155
3205 2156
2625 2157
3203 2158
3201 2159
3199 2160
3198 2161
3197 2162
3196 2163
392 2164
3195 2165
3194 2166
2595 2167
3191 2168
3189 2169
3188 2170
3187 2171
2889 2172
4122 2173
3186 2174
3185 2175
2613 2176
3184 2177
2917 2178
3182 2179
2618 2180
3180 2181
3178 2182
3177 2183
3436 2184
3175 2185
3128 2186
3170 2187
3169 2188
3168 2189
3658 2190
3167 2191
3165 2192
3020 2193
3164 2194
3163 2195
3161 2196
3160 2197
3159 2198
3158 2199
3157 2200
3155 2201
3154 2202
3836 2203
531 2204
2672 2205
557 2206
3148 2207
3265 2208
3147 2209
3146 2210
2711 2211
3144 2212
3143 2213
446 2214
393 2215
3140 2216
3139 2217
1683 2218
3137 2219
3136 2220
3135 2221
2930 2222
2318 2223
3134 2224
3133 2225
3132 2226
3131 2227
3130 2228
3129 2229
2732 2230
1978 2231
3126 2232
2111 2233
3123 2234
3122 2235
1564 2236
3572 2237
3121 2238
3119 2239
3118 2240
3117 2241
3116 2242
2374 2243
3112 2244
3111 2245
3110 2246
3109 2247
170 2248
3091 2249
3108 2250
567 2251
3105 2252
3104 2253
3103 2254
1749 2255
3101 2256
1635 2257
3099 2258
1452 2259
3098 2260
3097 2261
3096 2262
3095 2263
3094 2264
4727 2265
3664 2266
3093 2267
4373 2268
3090 2269
2998 2270
3092 2271
4775 2272
1413 2273
3088 2274
3087 2275
3086 2276
3085 2277
3084 2278
3083 2279
2482 2280
714 2281
3080 2282
2988 2283
3079 2284
975 2285
3076 2286
1372 2287
3073 2288
552 2289
1702 2290
3071 2291
1421 2292
3216 2293
3068 2294
460 2295
238 2296
2822 2297
3066 2298
3065 2299
3064 2300
3063 2301
3062 2302
1381 2303
2069 2304
3059 2305
3058 2306
3056 2307
3055 2308
3054 2309
1259 2310
2780 2311
4929 2312
3053 2313
3176 2314
3052 2315
3050 2316
3049 2317
3048 2318
3044 2319
183 2320
683 2321
3041 2322
3040 2323
3914 2324
3039 2325
3037 2326
3300 2327
2755 2328
3034 2329
3033 2330
3032 2331
2321 2332
3030 2333
1696 2334
4800 2335
3027 2336
3026 2337
3153 2338
1919 2339
3023 2340
3025 2341
4577 2342
3022 2343
2802 2344
558 2345
3657 2346
3019 2347
3018 2348
3016 2349
3002 2350
3015 2351
4139 2352
127 2353
3010 2354
928 2355
3454 2356
2866 2357
3007 2358
2350 2359
3005 2360
3004 2361
3003 2362
3001 2363
3000 2364
2796 2365
2997 2366
2996 2367
2995 2368
1201 2369
2994 2370
2993 2371
2992 2372
2991 2373
2989 2374
353 2375
2428 2376
2986 2377
4182 2378
2700 2379
209 2380
4091 2381
2984 2382
2983 2383
2982 2384
3586 2385
101 2386
401 2387
2981 2388
3141 2389
1260 2390
2979 2391
2978 2392
1748 2393
2975 2394
2974 2395
2972 2396
2971 2397
1448 2398
2968 2399
2967 2400
2966 2401
217 2402
2965 2403
2964 2404
662 2405
966 2406
2959 2407
2958 2408
2957 2409
2956 2410
1857 2411
2955 2412
3753 2413
2954 2414
2953 2415
1062 2416
2951 2417
894 2418
2950 2419
2949 2420
3450 2421
645 2422
2945 2423
2946 2424
759 2425
1510 2426
2944 2427
3769 2428
2943 2429
2942 2430
2941 2431
4932 2432
2939 2433
1183 2434
2937 2435
2934 2436
2933 2437
2932 2438
1541 2439
349 2440
691 2441
2929 2442
2928 2443
2927 2444
2926 2445
2925 2446
1157 2447
2218 2448
4682 2449
2465 2450
2922 2451
2921 2452
2920 2453
2919 2454
3012 2455
1549 2456
2106 2457
3615 2458
250 2459
1566 2460
2914 2461
2913 2462
2912 2463
1846 2464
443 2465
2089 2466
632 2467
1905 2468
2906 2469
2199 2470
2905 2471
2904 2472
2901 2473
2900 2474
2890 2475
2896 2476
2895 2477
2894 2478
1632 2479
2893 2480
2892 2481
1055 2482
1557 2483
367 2484
2888 2485
2887 2486
2886 2487
420 2488
1838 2489
1188 2490
2883 2491
4892 2492
2817 2493
2230 2494
3688 2495
2882 2496
2881 2497
2880 2498
572 2499
2602 2500
1050 2501
2877 2502
1654 2503
2875 2504
726 2505
1169 2506
2769 2507
2873 2508
2872 2509
4487 2510
2870 2511
1430 2512
2868 2513
2867 2514
1776 2515
2865 2516
1396 2517
2864 2518
2863 2519
747 2520
2862 2521
2861 2522
4196 2523
1599 2524
385 2525
2860 2526
2856 2527
2854 2528
2853 2529
2852 2530
2851 2531
2849 2532
2848 2533
3082 2534
2846 2535
1404 2536
2239 2537
1792 2538
2842 2539
3601 2540
2696 2541
2163 2542
2838 2543
2835 2544
2834 2545
2833 2546
2832 2547
2831 2548
1903 2549
2830 2550
1426 2551
2828 2552
2827 2553
1433 2554
828 2555
2824 2556
3630 2557
3270 2558
2821 2559
2820 2560
2818 2561
2814 2562
234 2563
724 2564
2811 2565
1262 2566
2810 2567
2809 2568
2808 2569
2807 2570
2804 2571
2803 2572
2801 2573
2117 2574
2897 2575
1061 2576
2799 2577
2798 2578
4697 2579
2786 2580
2797 2581
2792 2582
2911 2583
2794 2584
2791 2585
2790 2586
2788 2587
2787 2588
4029 2589
1527 2590
373 2591
2784 2592
2783 2593
2782 2594
4461 2595
2781 2596
2779 2597
2777 2598
2776 2599
2770 2600
2773 2601
997 2602
2771 2603
160 2604
1210 2605
2526 2606
106 2607
2634 2608
2768 2609
1744 2610
2767 2611
3395 2612
2765 2613
2764 2614
2762 2615
3643 2616
2591 2617
2760 2618
2759 2619
1637 2620
1977 2621
1358 2622
2561 2623
2756 2624
2754 2625
2643 2626
2749 2627
2748 2628
2745 2629
2744 2630
2743 2631
2741 2632
888 2633
1554 2634
2740 2635
2739 2636
2738 2637
2737 2638
2398 2639
2736 2640
4438 2641
1661 2642
2735 2643
2734 2644
2048 2645
2733 2646
2731 2647
1789 2648
1858 2649
2503 2650
1456 2651
2728 2652
242 2653
2727 2654
2726 2655
2342 2656
2723 2657
2722 2658
2720 2659
1122 2660
2719 2661
2718 2662
2717 2663
2716 2664
2715 2665
38 2666
536 2667
734 2668
2015 2669
2709 2670
2708 2671
1379 2672
2707 2673
2706 2674
2705 2675
2704 2676
2703 2677
1252 2678
2701 2679
2697 2680
2695 2681
2694 2682
2693 2683
2692 2684
2691 2685
2690 2686
2689 2687
727 2688
4155 2689
2688 2690
469 2691
2284 2692
2686 2693
1064 2694
3075 2695
2685 2696
2684 2697
2682 2698
2681 2699
2680 2700
1610 2701
757 2702
2678 2703
1703 2704
1904 2705
2675 2706
4992 2707
586 2708
95 2709
2674 2710
2472 2711
2671 2712
1257 2713
2670 2714
1629 2715
2669 2716
4148 2717
1328 2718
2667 2719
2631 2720
2859 2721
2665 2722
2664 2723
2663 2724
2661 2725
2660 2726
2659 2727
2589 2728
1616 2729
361 2730
2657 2731
1995 2732
2656 2733
2312 2734
2653 2735
50 2736
2651 2737
494 2738
2232 2739
2648 2740
4470 2741
2646 2742
2645 2743
2644 2744
2642 2745
2641 2746
2640 2747
2639 2748
2638 2749
2637 2750
2636 2751
2635 2752
1983 2753
2633 2754
954 2755
2630 2756
2628 2757
2626 2758
4311 2759
2624 2760
2623 2761
2622 2762
2621 2763
2620 2764
2619 2765
2891 2766
2617 2767
1118 2768
2616 2769
2614 2770
2612 2771
2611 2772
2610 2773
2608 2774
2607 2775
1357 2776
4460 2777
2606 2778
2605 2779
75 2780
3877 2781
1487 2782
2254 2783
2600 2784
2599 2785
4336 2786
1311 2787
2597 2788
2596 2789
2065 2790
43 2791
2594 2792
2590 2793
2588 2794
2587 2795
3805 2796
2512 2797
2585 2798
2584 2799
2583 2800
2581 2801
530 2802
2579 2803
2577 2804
2575 2805
2574 2806
1631 2807
3327 2808
2573 2809
2572 2810
4823 2811
2571 2812
1290 2813
1410 2814
2569 2815
3629 2816
1551 2817
2568 2818
2495 2819
3125 2820
3074 2821
57 2822
2565 2823
2564 2824
2563 2825
152 2826
1089 2827
2558 2828
2557 2829
4690 2830
249 2831
2554 2832
2553 2833
2551 2834
2549 2835
2548 2836
843 2837
2545 2838
1626 2839
3616 2840
2544 2841
2543 2842
2542 2843
2541 2844
1489 2845
18 2846
890 2847
3612 2848
2538 2849
2537 2850
2536 2851
1731 2852
2534 2853
2532 2854
1802 2855
2529 2856
1987 2857
2274 2858
1439 2859
2525 2860
2524 2861
2523 2862
1431 2863
944 2864
3451 2865
2518 2866
2094 2867
2091 2868
2516 2869
2515 2870
3607 2871
2514 2872
2513 2873
2511 2874
2510 2875
2509 2876
1922 2877
2504 2878
2502 2879
2501 2880
2499 2881
719 2882
2498 2883
2497 2884
1918 2885
1878 2886
2494 2887
2493 2888
2490 2889
1743 2890
1136 2891
2488 2892
2487 2893
2486 2894
2484 2895
1581 2896
2481 2897
1692 2898
2479 2899
3560 2900
923 2901
2478 2902
2477 2903
2476 2904
2475 2905
2474 2906
856 2907
2470 2908
2469 2909
2468 2910
600 2911
852 2912
2466 2913
677 2914
2005 2915
2464 2916
2462 2917
2461 2918
2460 2919
2459 2920
1676 2921
380 2922
2455 2923
2454 2924
2453 2925
2452 2926
2903 2927
2449 2928
2448 2929
2447 2930
2446 2931
2445 2932
820 2933
1734 2934
2441 2935
889 2936
2440 2937
2439 2938
2438 2939
2437 2940
1233 2941
778 2942
2027 2943
2433 2944
2421 2945
3871 2946
2431 2947
2430 2948
1966 2949
2427 2950
2425 2951
2424 2952
2423 2953
3342 2954
1010 2955
2419 2956
2418 2957
2417 2958
2415 2959
2414 2960
1132 2961
2411 2962
2410 2963
1031 2964
2409 2965
2328 2966
2404 2967
2403 2968
2402 2969
2400 2970
2399 2971
2397 2972
2396 2973
2395 2974
2973 2975
3370 2976
2394 2977
2393 2978
4011 2979
2392 2980
2391 2981
3745 2982
2390 2983
4346 2984
2389 2985
1016 2986
2386 2987
2385 2988
2384 2989
3393 2990
2383 2991
3759 2992
3954 2993
2343 2994
4747 2995
2233 2996
2382 2997
2380 2998
2379 2999
2376 3000
2375 3001
1321 3002
282 3003
2673 3004
1250 3005
2371 3006
2370 3007
1424 3008
2369 3009
2367 3010
1503 3011
2365 3012
2364 3013
2362 3014
2361 3015
2500 3016
2360 3017
2359 3018
2358 3019
2357 3020
4862 3021
2355 3022
2354 3023
2353 3024
1602 3025
2351 3026
1962 3027
2264 3028
1193 3029
2150 3030
2041 3031
2348 3032
2346 3033
4530 3034
2090 3035
165 3036
2345 3037
2344 3038
2341 3039
1270 3040
2340 3041
654 3042
2338 3043
2337 3044
3957 3045
99 3046
2335 3047
2333 3048
482 3049
2331 3050
2330 3051
2329 3052
2327 3053
671 3054
2326 3055
3533 3056
2325 3057
2324 3058
486 3059
2323 3060
2322 3061
2320 3062
2319 3063
2317 3064
1766 3065
2316 3066
1662 3067
2314 3068
2313 3069
2311 3070
2185 3071
2310 3072
2309 3073
2308 3074
3142 3075
2305 3076
2304 3077
2166 3078
2300 3079
2299 3080
763 3081
2298 3082
2297 3083
3660 3084
2211 3085
2295 3086
2294 3087
2293 3088
2292 3089
2291 3090
3106 3091
4015 3092
2191 3093
71 3094
2290 3095
2289 3096
2288 3097
28 3098
1565 3099
2287 3100
705 3101
17 3102
2285 3103
2282 3104
2281 3105
4852 3106
2280 3107
2278 3108
2277 3109
2275 3110
414 3111
2273 3112
897 3113
2272 3114
3046 3115
1116 3116
2492 3117
2271 3118
1329 3119
4018 3120
2269 3121
1667 3122
4465 3123
2266 3124
1005 3125
2265 3126
2263 3127
3174 3128
2238 3129
2261 3130
3192 3131
2260 3132
2258 3133
2257 3134
2256 3135
2253 3136
2252 3137
2839 3138
1176 3139
3690 3140
426 3141
4575 3142
2248 3143
2247 3144
2246 3145
1360 3146
201 3147
2245 3148
2244 3149
2243 3150
2242 3151
1817 3152
2241 3153
1148 3154
2567 3155
2240 3156
2237 3157
3887 3158
2236 3159
2235 3160
2234 3161
1935 3162
2231 3163
2229 3164
2228 3165
2227 3166
2226 3167
2225 3168
2224 3169
2222 3170
2221 3171
2220 3172
2219 3173
1575 3174
2215 3175
125 3176
2214 3177
2212 3178
2210 3179
2209 3180
2206 3181
2204 3182
2203 3183
4644 3184
2202 3185
265 3186
2201 3187
2200 3188
1728 3189
2198 3190
3 3191
2197 3192
2196 3193
3313 3194
2195 3195
2194 3196
526 3197
2193 3198
4654 3199
2190 3200
4391 3201
233 3202
2188 3203
2187 3204
2186 3205
816 3206
896 3207
2843 3208
1276 3209
1133 3210
2977 3211
2183 3212
2182 3213
2181 3214
2178 3215
1392 3216
1373 3217
4281 3218
2176 3219
2174 3220
2173 3221
2172 3222
2030 3223
2170 3224
2169 3225
2168 3226
1468 3227
2093 3228
2165 3229
2164 3230
1841 3231
2162 3232
47 3233
642 3234
2067 3235
2159 3236
4547 3237
230 3238
4138 3239
2154 3240
2152 3241
1552 3242
294 3243
2147 3244
3791 3245
411 3246
3566 3247
2144 3248
1497 3249
2142 3250
2140 3251
2429 3252
179 3253
2139 3254
2138 3255
2137 3256
2136 3257
2135 3258
2134 3259
3202 3260
2133 3261
2132 3262
2131 3263
2130 3264
2129 3265
2128 3266
2016 3267
2127 3268
2126 3269
2752 3270
7 3271
2124 3272
4722 3273
2123 3274
836 3275
2122 3276
2120 3277
2119 3278
1786 3279
2118 3280
2116 3281
2115 3282
2114 3283
2113 3284
2112 3285
2109 3286
1957 3287
4994 3288
2107 3289
1682 3290
2105 3291
2104 3292
2103 3293
2102 3294
2101 3295
976 3296
2099 3297
2098 3298
2097 3299
2096 3300
2092 3301
2088 3302
2087 3303
2086 3304
2085 3305
4836 3306
2083 3307
718 3308
2081 3309
1906 3310
2079 3311
1205 3312
2077 3313
2076 3314
2075 3315
2073 3316
2072 3317
2070 3318
2068 3319
2066 3320
2064 3321
2063 3322
3190 3323
2062 3324
2061 3325
2816 3326
2060 3327
2058 3328
1294 3329
2056 3330
2053 3331
2052 3332
406 3333
2050 3334
2049 3335
2045 3336
3524 3337
208 3338
2043 3339
2040 3340
2037 3341
1215 3342
2035 3343
2373 3344
2033 3345
4150 3346
717 3347
3809 3348
408 3349
1835 3350
3787 3351
2031 3352
2836 3353
2026 3354
2025 3355
2024 3356
2023 3357
2022 3358
2021 3359
2020 3360
2018 3361
462 3362
2017 3363
2013 3364
2011 3365
2004 3366
2008 3367
2007 3368
2006 3369
1237 3370
2003 3371
1011 3372
891 3373
1101 3374
2000 3375
1999 3376
565 3377
1997 3378
925 3379
1996 3380
1994 3381
1993 3382
1582 3383
1989 3384
1988 3385
4246 3386
813 3387
1984 3388
1982 3389
1659 3390
1535 3391
811 3392
1767 3393
4588 3394
1976 3395
1675 3396
1974 3397
1973 3398
1972 3399
1970 3400
1969 3401
418 3402
4077 3403
1796 3404
264 3405
1964 3406
1963 3407
1961 3408
1959 3409
3750 3410
2336 3411
534 3412
1958 3413
1956 3414
1955 3415
1954 3416
1952 3417
1951 3418
1950 3419
3709 3420
1949 3421
1948 3422
3885 3423
589 3424
1947 3425
1946 3426
1945 3427
2108 3428
1944 3429
1755 3430
1942 3431
1940 3432
1007 3433
1939 3434
1938 3435
1937 3436
1936 3437
3380 3438
1934 3439
1933 3440
1274 3441
1931 3442
1930 3443
4437 3444
1929 3445
2826 3446
1928 3447
601 3448
3359 3449
1926 3450
844 3451
876 3452
1992 3453
1354 3454
1923 3455
1921 3456
3684 3457
1128 3458
4919 3459
1920 3460
1917 3461
1916 3462
1915 3463
1914 3464
1913 3465
1912 3466
2450 3467
3982 3468
1911 3469
834 3470
848 3471
1909 3472
1524 3473
1556 3474
1747 3475
1902 3476
1901 3477
1900 3478
1899 3479
1897 3480
1896 3481
1895 3482
858 3483
1891 3484
1889 3485
1886 3486
1885 3487
1884 3488
1883 3489
1924 3490
1882 3491
1881 3492
1880 3493
1879 3494
1875 3495
3013 3496
4752 3497
236 3498
1873 3499
1872 3500
1871 3501
2038 3502
1870 3503
1869 3504
1868 3505
1867 3506
938 3507
1866 3508
1864 3509
1863 3510
1862 3511
3965 3512
3694 3513
1167 3514
1860 3515
1856 3516
1854 3517
1411 3518
1508 3519
841 3520
1853 3521
1851 3522
1850 3523
3734 3524
1849 3525
1596 3526
1623 3527
120 3528
1845 3529
2918 3530
1844 3531
1843 3532
1842 3533
1759 3534
1462 3535
1840 3536
1836 3537
1833 3538
1832 3539
1830 3540
1826 3541
1824 3542
1822 3543
1821 3544
1820 3545
4673 3546
1819 3547
1818 3548
1816 3549
1434 3550
1814 3551
3069 3552
1813 3553
1812 3554
1811 3555
1810 3556
1808 3557
3475 3558
4037 3559
1807 3560
1021 3561
1806 3562
1805 3563
1804 3564
1803 3565
1801 3566
1800 3567
1798 3568
1797 3569
1121 3570
1795 3571
1794 3572
1543 3573
1788 3574
1787 3575
1785 3576
1784 3577
793 3578
1783 3579
1782 3580
1781 3581
1779 3582
1778 3583
1777 3584
1220 3585
4842 3586
168 3587
1773 3588
1772 3589
1771 3590
1359 3591
1769 3592
1639 3593
1764 3594
1837 3595
1763 3596
1762 3597
1761 3598
1760 3599
3149 3600
1757 3601
1756 3602
339 3603
1754 3604
1753 3605
1752 3606
1751 3607
1746 3608
1745 3609
1741 3610
1740 3611
3874 3612
1739 3613
1737 3614
4287 3615
1736 3616
1735 3617
1730 3618
1729 3619
4694 3620
1726 3621
1725 3622
1724 3623
1723 3624
190 3625
1722 3626
1721 3627
1719 3628
1718 3629
1717 3630
1716 3631
1715 3632
210 3633
2593 3634
309 3635
3043 3636
1713 3637
1153 3638
1710 3639
1707 3640
3381 3641
641 3642
1705 3643
648 3644
1704 3645
1701 3646
277 3647
3561 3648
1698 3649
1653 3650
1697 3651
1695 3652
521 3653
1690 3654
1689 3655
1688 3656
1687 3657
2405 3658
1686 3659
1685 3660
3502 3661
1893 3662
1684 3663
1681 3664
1679 3665
1678 3666
3496 3667
1079 3668
1677 3669
1412 3670
2535 3671
1673 3672
312 3673
1099 3674
1671 3675
1669 3676
1666 3677
710 3678
1665 3679
655 3680
1663 3681
544 3682
490 3683
1660 3684
1658 3685
4642 3686
1657 3687
1656 3688
1655 3689
1652 3690
286 3691
4562 3692
1419 3693
2910 3694
985 3695
1536 3696
1645 3697
986 3698
1643 3699
1642 3700
1641 3701
1640 3702
1638 3703
1579 3704
4719 3705
1634 3706
1633 3707
1630 3708
1628 3709
1627 3710
1625 3711
1624 3712
1622 3713
1618 3714
1617 3715
1612 3716
1048 3717
1611 3718
1609 3719
1608 3720
554 3721
1607 3722
1606 3723
1605 3724
1604 3725
1004 3726
1603 3727
1601 3728
1600 3729
1598 3730
3975 3731
1597 3732
1595 3733
1594 3734
1593 3735
1592 3736
2871 3737
1590 3738
3256 3739
1589 3740
1282 3741
1587 3742
1586 3743
1585 3744
1584 3745
1580 3746
1577 3747
1576 3748
940 3749
1571 3750
1570 3751
1569 3752
3712 3753
269 3754
1563 3755
1562 3756
3670 3757
1065 3758
591 3759
1559 3760
1555 3761
398 3762
1553 3763
1550 3764
1546 3765
1545 3766
1235 3767
563 3768
1544 3769
1383 3770
1540 3771
1223 3772
1538 3773
765 3774
1537 3775
1534 3776
1533 3777
1532 3778
1530 3779
1529 3780
914 3781
364 3782
2158 3783
1526 3784
1525 3785
1523 3786
1275 3787
1521 3788
1519 3789
1518 3790
4498 3791
1517 3792
320 3793
1515 3794
1513 3795
1509 3796
425 3797
2785 3798
1505 3799
1502 3800
4434 3801
831 3802
1501 3803
1402 3804
1500 3805
1499 3806
1498 3807
1496 3808
1495 3809
1494 3810
3583 3811
1493 3812
3648 3813
1492 3814
1490 3815
1486 3816
1485 3817
1484 3818
1483 3819
4214 3820
1482 3821
1481 3822
1480 3823
1479 3824
2029 3825
1478 3826
1516 3827
1477 3828
1476 3829
1474 3830
607 3831
342 3832
1470 3833
1469 3834
931 3835
1467 3836
1466 3837
1465 3838
1464 3839
1428 3840
1463 3841
1742 3842
1461 3843
80 3844
709 3845
1459 3846
1457 3847
1455 3848
1454 3849
1453 3850
1451 3851
1450 3852
1449 3853
1447 3854
1446 3855
1445 3856
1444 3857
1168 3858
1200 3859
1442 3860
2084 3861
958 3862
1440 3863
1438 3864
1437 3865
1436 3866
2884 3867
1432 3868
4156 3869
1429 3870
1427 3871
1425 3872
539 3873
1423 3874
1420 3875
1418 3876
2907 3877
1416 3878
1415 3879
1414 3880
1409 3881
4623 3882
1408 3883
1407 3884
1405 3885
1403 3886
1401 3887
66 3888
1400 3889
1399 3890
1398 3891
4454 3892
1397 3893
1394 3894
1208 3895
1391 3896
1390 3897
1389 3898
2377 3899
1388 3900
1387 3901
4732 3902
1386 3903
2805 3904
1384 3905
1380 3906
322 3907
1377 3908
1374 3909
1371 3910
1370 3911
1369 3912
1366 3913
583 3914
1365 3915
1363 3916
1362 3917
315 3918
1361 3919
1356 3920
1355 3921
1352 3922
1351 3923
44 3924
1350 3925
1349 3926
1348 3927
1347 3928
1346 3929
1103 3930
1345 3931
1344 3932
1343 3933
1342 3934
1341 3935
1340 3936
1339 3937
1338 3938
1337 3939
728 3940
1336 3941
1334 3942
1333 3943
1332 3944
176 3945
1331 3946
4168 3947
1330 3948
1327 3949
1324 3950
1323 3951
1322 3952
3986 3953
1150 3954
1320 3955
1316 3956
4816 3957
1315 3958
1314 3959
1312 3960
1309 3961
1308 3962
1307 3963
1306 3964
1305 3965
1304 3966
1303 3967
144 3968
1302 3969
1301 3970
545 3971
1300 3972
1078 3973
2167 3974
1298 3975
1297 3976
1296 3977
1295 3978
1293 3979
81 3980
1291 3981
2059 3982
1289 3983
1288 3984
1876 3985
762 3986
1287 3987
1076 3988
1284 3989
4102 3990
1283 3991
1281 3992
1280 3993
1278 3994
1269 3995
584 3996
1277 3997
2795 3998
1272 3999
1271 4000
1265 4001
1264 4002
1263 4003
171 4004
1035 4005
1256 4006
1255 4007
1254 4008
4082 4009
1253 4010
571 4011
110 4012
4734 4013
1251 4014
1249 4015
1248 4016
1714 4017
1247 4018
3179 4019
1246 4020
1245 4021
1243 4022
90 4023
1241 4024
1240 4025
1732 4026
4390 4027
1239 4028
1238 4029
1236 4030
2483 4031
1232 4032
1231 4033
1230 4034
690 4035
1228 4036
3081 4037
1225 4038
760 4039
1229 4040
1224 4041
1222 4042
1221 4043
1219 4044
1218 4045
862 4046
1216 4047
1214 4048
1213 4049
1212 4050
1211 4051
1209 4052
835 4053
1206 4054
188 4055
1202 4056
602 4057
1198 4058
1196 4059
1195 4060
1192 4061
1189 4062
1187 4063
1186 4064
1184 4065
471 4066
915 4067
581 4068
1179 4069
1177 4070
1175 4071
2869 4072
2647 4073
3288 4074
1174 4075
1173 4076
1171 4077
1170 4078
1087 4079
4482 4080
1166 4081
1165 4082
1164 4083
1163 4084
1162 4085
1161 4086
4838 4087
1159 4088
1158 4089
1156 4090
356 4091
1155 4092
4294 4093
1152 4094
1151 4095
4750 4096
1045 4097
1149 4098
138 4099
1568 4100
1147 4101
3035 4102
1146 4103
1145 4104
1143 4105
55 4106
830 4107
1142 4108
1141 4109
1140 4110
1139 4111
1138 4112
1135 4113
1130 4114
1042 4115
1109 4116
369 4117
1129 4118
3029 4119
1127 4120
4326 4121
1126 4122
1125 4123
1124 4124
1123 4125
610 4126
1119 4127
631 4128
1115 4129
503 4130
547 4131
409 4132
1114 4133
1113 4134
1110 4135
2750 4136
1108 4137
1059 4138
1107 4139
962 4140
487 4141
2074 4142
1106 4143
402 4144
1104 4145
1102 4146
1098 4147
1096 4148
1094 4149
1092 4150
1091 4151
1090 4152
1088 4153
1086 4154
1085 4155
4757 4156
4605 4157
435 4158
3793 4159
1084 4160
1083 4161
1082 4162
1081 4163
1077 4164
1057 4165
2601 4166
1074 4167
1073 4168
1072 4169
1071 4170
636 4171
2279 4172
438 4173
1070 4174
2603 4175
1067 4176
2157 4177
1052 4178
1056 4179
1054 4180
2412 4181
2521 4182
1046 4183
1053 4184
1051 4185
1049 4186
1047 4187
1044 4188
1043 4189
730 4190
1040 4191
752 4192
1039 4193
1038 4194
1037 4195
1036 4196
1023 4197
1034 4198
1033 4199
1032 4200
1030 4201
1029 4202
1027 4203
1026 4204
1025 4205
1020 4206
1019 4207
1100 4208
1018 4209
2332 4210
1017 4211
1013 4212
3555 4213
1012 4214
1008 4215
1028 4216
3468 4217
1006 4218
12 4219
1003 4220
1002 4221
1001 4222
999 4223
998 4224
996 4225
995 4226
994 4227
993 4228
991 4229
2032 4230
2556 4231
935 4232
988 4233
987 4234
3600 4235
984 4236
982 4237
3739 4238
979 4239
978 4240
977 4241
974 4242
972 4243
1310 4244
2850 4245
971 4246
970 4247
969 4248
518 4249
967 4250
3810 4251
964 4252
963 4253
961 4254
960 4255
1326 4256
959 4257
955 4258
3568 4259
952 4260
951 4261
950 4262
949 4263
266 4264
948 4265
947 4266
943 4267
942 4268
941 4269
937 4270
4089 4271
927 4272
3444 4273
934 4274
932 4275
930 4276
929 4277
580 4278
926 4279
924 4280
922 4281
1 4282
2823 4283
1279 4284
921 4285
917 4286
916 4287
912 4288
2301 4289
911 4290
909 4291
908 4292
907 4293
906 4294
905 4295
2547 4296
4476 4297
51 4298
298 4299
1364 4300
903 4301
902 4302
901 4303
899 4304
742 4305
893 4306
2014 4307
892 4308
711 4309
887 4310
1887 4311
287 4312
288 4313
2100 4314
886 4315
885 4316
2947 4317
883 4318
881 4319
880 4320
878 4321
2562 4322
870 4323
877 4324
875 4325
873 4326
2283 4327
871 4328
868 4329
5 4330
867 4331
1985 4332
866 4333
864 4334
193 4335
863 4336
945 4337
3742 4338
860 4339
270 4340
141 4341
857 4342
855 4343
394 4344
853 4345
592 4346
851 4347
847 4348
846 4349
842 4350
838 4351
524 4352
374 4353
833 4354
832 4355
597 4356
827 4357
824 4358
822 4359
821 4360
819 4361
818 4362
815 4363
814 4364
810 4365
809 4366
808 4367
1828 4368
807 4369
661 4370
803 4371
801 4372
2012 4373
800 4374
403 4375
796 4376
1898 4377
4794 4378
795 4379
794 4380
755 4381
791 4382
790 4383
789 4384
787 4385
786 4386
1063 4387
785 4388
784 4389
840 4390
783 4391
675 4392
782 4393
736 4394
781 4395
780 4396
779 4397
777 4398
776 4399
773 4400
772 4401
2604 4402
770 4403
769 4404
2189 4405
919 4406
768 4407
767 4408
492 4409
845 4410
761 4411
758 4412
756 4413
1376 4414
4259 4415
366 4416
453 4417
753 4418
751 4419
4472 4420
750 4421
749 4422
748 4423
746 4424
745 4425
268 4426
744 4427
1646 4428
739 4429
738 4430
805 4431
56 4432
535 4433
737 4434
733 4435
423 4436
731 4437
729 4438
725 4439
723 4440
722 4441
721 4442
720 4443
1768 4444
4179 4445
2426 4446
496 4447
716 4448
715 4449
3228 4450
1548 4451
910 4452
713 4453
708 4454
343 4455
199 4456
704 4457
1865 4458
703 4459
4220 4460
702 4461
701 4462
700 4463
2153 4464
200 4465
698 4466
2121 4467
697 4468
696 4469
695 4470
694 4471
693 4472
692 4473
817 4474
689 4475
688 4476
687 4477
3318 4478
1022 4479
685 4480
882 4481
684 4482
682 4483
681 4484
680 4485
679 4486
678 4487
512 4488
676 4489
3011 4490
454 4491
1367 4492
674 4493
673 4494
669 4495
666 4496
665 4497
664 4498
4169 4499
660 4500
293 4501
638 4502
659 4503
658 4504
180 4505
4027 4506
657 4507
656 4508
653 4509
1831 4510
333 4511
650 4512
649 4513
647 4514
2259 4515
646 4516
3786 4517
643 4518
637 4519
635 4520
634 4521
633 4522
1375 4523
431 4524
629 4525
980 4526
628 4527
627 4528
626 4529
625 4530
624 4531
622 4532
620 4533
619 4534
3171 4535
617 4536
2156 4537
615 4538
613 4539
612 4540
4536 4541
611 4542
1335 4543
608 4544
1134 4545
606 4546
1827 4547
605 4548
108 4549
74 4550
604 4551
257 4552
603 4553
599 4554
596 4555
595 4556
594 4557
593 4558
448 4559
582 4560
579 4561
4589 4562
578 4563
577 4564
983 4565
522 4566
1583 4567
575 4568
447 4569
569 4570
3387 4571
568 4572
566 4573
4245 4574
564 4575
2276 4576
8 4577
562 4578
561 4579
560 4580
559 4581
556 4582
555 4583
3991 4584
553 4585
551 4586
550 4587
302 4588
546 4589
4655 4590
869 4591
272 4592
543 4593
541 4594
2148 4595
540 4596
538 4597
532 4598
528 4599
527 4600
525 4601
470 4602
3751 4603
520 4604
2155 4605
109 4606
519 4607
517 4608
3487 4609
1839 4610
1620 4611
516 4612
515 4613
32 4614
404 4615
514 4616
686 4617
513 4618
510 4619
509 4620
508 4621
4162 4622
507 4623
506 4624
504 4625
502 4626
501 4627
735 4628
1488 4629
2141 4630
500 4631
4767 4632
498 4633
493 4634
489 4635
4777 4636
143 4637
488 4638
485 4639
1131 4640
484 4641
483 4642
4271 4643
478 4644
477 4645
476 4646
1578 4647
839 4648
475 4649
360 4650
474 4651
1178 4652
3346 4653
472 4654
1823 4655
468 4656
467 4657
466 4658
465 4659
464 4660
463 4661
461 4662
459 4663
458 4664
456 4665
4367 4666
3233 4667
455 4668
452 4669
451 4670
450 4671
449 4672
444 4673
442 4674
441 4675
440 4676
439 4677
437 4678
433 4679
432 4680
445 4681
430 4682
429 4683
428 4684
427 4685
424 4686
306 4687
2262 4688
499 4689
2146 4690
422 4691
203 4692
419 4693
417 4694
416 4695
415 4696
412 4697
407 4698
400 4699
1990 4700
399 4701
388 4702
397 4703
390 4704
389 4705
273 4706
387 4707
3299 4708
3051 4709
386 4710
384 4711
3120 4712
382 4713
381 4714
379 4715
378 4716
377 4717
213 4718
376 4719
375 4720
372 4721
371 4722
370 4723
363 4724
362 4725
358 4726
357 4727
3535 4728
355 4729
351 4730
350 4731
348 4732
347 4733
29 4734
346 4735
134 4736
345 4737
344 4738
4646 4739
104 4740
2683 4741
198 4742
338 4743
337 4744
4548 4745
335 4746
4508 4747
1244 4748
334 4749
1491 4750
788 4751
332 4752
308 4753
331 4754
1567 4755
151 4756
330 4757
142 4758
329 4759
328 4760
2531 4761
327 4762
2530 4763
319 4764
4262 4765
326 4766
3724 4767
325 4768
324 4769
323 4770
321 4771
318 4772
314 4773
2970 4774
313 4775
310 4776
1981 4777
307 4778
4950 4779
304 4780
300 4781
1953 4782
588 4783
253 4784
297 4785
1267 4786
296 4787
291 4788
4668 4789
124 4790
285 4791
284 4792
283 4793
2520 4794
281 4795
279 4796
2721 4797
278 4798
2724 4799
276 4800
189 4801
274 4802
263 4803
262 4804
261 4805
260 4806
639 4807
1199 4808
256 4809
587 4810
255 4811
254 4812
252 4813
251 4814
248 4815
247 4816
246 4817
245 4818
244 4819
243 4820
235 4821
232 4822
231 4823
229 4824
2406 4825
481 4826
228 4827
396 4828
2506 4829
227 4830
226 4831
225 4832
222 4833
220 4834
219 4835
218 4836
216 4837
215 4838
212 4839
2742 4840
740 4841
211 4842
207 4843
206 4844
204 4845
202 4846
918 4847
196 4848
191 4849
187 4850
185 4851
184 4852
182 4853
1234 4854
129 4855
436 4856
537 4857
181 4858
175 4859
174 4860
936 4861
173 4862
275 4863
172 4864
354 4865
169 4866
1000 4867
1406 4868
167 4869
166 4870
163 4871
1172 4872
162 4873
158 4874
157 4875
156 4876
155 4877
177 4878
154 4879
153 4880
149 4881
148 4882
147 4883
195 4884
3936 4885
140 4886
139 4887
2491 4888
137 4889
136 4890
133 4891
128 4892
123 4893
122 4894
4681 4895
39 4896
802 4897
533 4898
20 4899
121 4900
119 4901
2812 4902
116 4903
115 4904
114 4905
292 4906
1185 4907
113 4908
112 4909
413 4910
111 4911
107 4912
1069 4913
105 4914
103 4915
732 4916
102 4917
97 4918
94 4919
92 4920
91 4921
224 4922
89 4923
88 4924
87 4925
86 4926
85 4927
84 4928
792 4929
3760 4930
83 4931
79 4932
78 4933
73 4934
72 4935
70 4936
4210 4937
68 4938
1874 4939
67 4940
2751 4941
1144 4942
2505 4943
65 4944
241 4945
64 4946
299 4947
2401 4948
63 4949
1790 4950
62 4951
61 4952
60 4953
59 4954
186 4955
1591 4956
491 4957
1967 4958
58 4959
52 4960
49 4961
48 4962
45 4963
40 4964
2268 4965
41 4966
4713 4967
2160 4968
2789 4969
2552 4970
37 4971
35 4972
34 4973
31 4974
395 4975
2480 4976
27 4977
25 4978
24 4979
22 4980
21 4981
16 4982
1194 4983
14 4984
13 4985
11 4986
10 4987
391 4988
2747 4989
9 4990
4193 4991
2028 4992
4 4993
1699 4994
2 4995
0 4996
100 4997
4735 4998
